[gd_scene load_steps=7 format=2]

[ext_resource path="res://Assets/models/capacitor/capacitor.dae" type="PackedScene" id=1]
[ext_resource path="res://Assets/textures/painted-metal-shed.tres" type="Material" id=2]
[ext_resource path="res://Assets/textures/old-plank-flooring2.tres" type="Material" id=3]
[ext_resource path="res://Assets/models/wall/wall.obj" type="ArrayMesh" id=4]

[sub_resource type="CubeMesh" id=1]

[sub_resource type="BoxShape" id=2]

[node name="WorkshopScene" type="Spatial"]

[node name="Walls" type="Spatial" parent="."]

[node name="wall1" type="MeshInstance" parent="Walls"]
transform = Transform( 0.707107, -0.00082687, -0.707106, -0.000122173, 0.999999, -0.00129154, 0.707107, 0.000999648, 0.707106, -20.8168, 5.9, -25.6819 )
mesh = ExtResource( 4 )
skeleton = NodePath("")
material/0 = ExtResource( 2 )

[node name="wall3" type="MeshInstance" parent="Walls"]
transform = Transform( 1.19249e-08, 0, -1, 0, 1, 0, 1, 0, 1.19249e-08, -0.835739, 5.9, -34.009 )
mesh = ExtResource( 4 )
skeleton = NodePath("")
material/0 = ExtResource( 2 )

[node name="wall2" type="MeshInstance" parent="Walls"]
transform = Transform( 1, 0, 0, 0, 1, 0, 0, 0, 1, -29.103, 5.9, -5.741 )
mesh = ExtResource( 4 )
skeleton = NodePath("")
material/0 = ExtResource( 2 )

[node name="wall4" type="MeshInstance" parent="Walls"]
transform = Transform( 1, 0, 0, 0, 1, 0, 0, 0, 1, -29.103, 5.9, 17.6939 )
mesh = ExtResource( 4 )
skeleton = NodePath("")
material/0 = ExtResource( 2 )

[node name="Floor" type="CSGBox" parent="Walls"]
transform = Transform( 35, 0, 0, 0, 0.1, 0, 0, 0, 35, -2.41273, 0.0276299, 0.205824 )
use_collision = true
material = ExtResource( 3 )

[node name="Objects" type="Spatial" parent="."]

[node name="capacitor" type="Spatial" parent="Objects" instance=ExtResource( 1 )]
transform = Transform( 0.99629, 0.0269782, 0.0817307, -0.0272839, 0.999624, 0.00262602, -0.0816292, -0.00484563, 0.996651, -23.6112, 0.0674362, -3.46501 )

[node name="RigidBody" type="RigidBody" parent="Objects"]
transform = Transform( 1, 0, 0, 0, 1, 0, 0, 0, 1, -16.6944, 2.63943, -5.93088 )

[node name="MeshInstance" type="MeshInstance" parent="Objects/RigidBody"]
mesh = SubResource( 1 )
skeleton = NodePath("../CollisionShape")
material/0 = null

[node name="CollisionShape" type="CollisionShape" parent="Objects/RigidBody"]
shape = SubResource( 2 )

[node name="OmniLight" type="OmniLight" parent="."]
transform = Transform( -0.380571, 0.849488, 0.365426, -0.612747, -0.527608, 0.588363, 0.692609, 2.99251e-07, 0.721313, -28.2918, 11.119, -5.29023 )
light_color = Color( 1, 0.945098, 0.639216, 1 )
light_energy = 9.954
light_indirect_energy = 9.514
light_bake_mode = 0
shadow_enabled = true
shadow_bias = 0.578
shadow_reverse_cull_face = true
omni_range = 26.8498

[node name="OmniLight2" type="OmniLight" parent="."]
transform = Transform( -0.122589, -0.771487, 0.624323, 0.963989, -0.24215, -0.109945, 0.236001, 0.588363, 0.77339, -0.677107, 11.0537, -33.2245 )
light_color = Color( 1, 0.945098, 0.639216, 1 )
light_energy = 9.954
light_indirect_energy = 9.514
light_bake_mode = 0
shadow_enabled = true
shadow_bias = 0.578
shadow_reverse_cull_face = true
omni_range = 26.8498
