[gd_scene load_steps=4 format=2]

[ext_resource path="res://modules/Interactive/Checkpoint/Checkpoint.tscn" type="PackedScene" id=1]
[ext_resource path="res://modules/Structures/wall/Wall.tscn" type="PackedScene" id=2]
[ext_resource path="res://modules/Player/Player.tscn" type="PackedScene" id=3]

[node name="Level" type="Spatial"]
transform = Transform( 1, 0, 0, 0, 1, 0, 0, 0, 1, 0, -0.0108805, -0.000118077 )

[node name="Objects" type="Spatial" parent="."]

[node name="Wall" parent="Objects" instance=ExtResource( 2 )]
transform = Transform( -4.37114e-08, -1, 0, 1, -4.37114e-08, 0, 0, 0, 1, 1.33031, -0.875712, -3.30064 )

[node name="Checkpoint" parent="Objects" instance=ExtResource( 1 )]
transform = Transform( 1, 1.06581e-14, 0, -1.06581e-14, 1, 0, 0, 0, 1, 0, 1.19209e-07, 1.96451e-10 )

[node name="Player" parent="Objects" instance=ExtResource( 3 )]
transform = Transform( 1, 1.06581e-14, 0, -1.06581e-14, 1, 0, 0, 0, 1, 0, 1.19209e-07, 1.96451e-10 )
starting_checkpoint = NodePath("../Checkpoint")

[node name="DirectionalLight" type="DirectionalLight" parent="Objects"]
transform = Transform( -0.580025, -0.744398, -0.33082, -0.173916, -0.283588, 0.943044, -0.795817, 0.604524, 0.0350252, -2.53729, 6.00597, 2.00301 )

[node name="SpotLight" type="SpotLight" parent="Objects"]
transform = Transform( -0.559573, -0.795772, -0.23157, 0.276128, -0.442456, 0.853221, -0.781429, 0.413496, 0.467322, -2.96161, 3.58052, 4.60849 )
visible = false
light_energy = 12.737
spot_range = 7.38
spot_attenuation = 0.0131391
spot_angle = 38.39
spot_angle_attenuation = 0.392292

[node name="Spatial" type="Spatial" parent="Objects"]
transform = Transform( -4.37114e-08, -1, -1.06581e-14, 0.912642, -3.98928e-08, 0.408761, -0.408761, 1.78675e-08, 0.912642, -13.3817, -6.52219, -19.1368 )

[node name="Wall5" parent="Objects/Spatial" instance=ExtResource( 2 )]
transform = Transform( 0.67172, -0.740804, 0, 0.740804, 0.67172, 0, 0, 0, 1, -0.829319, -9.86858, -73.9991 )

[node name="Wall4" parent="Objects/Spatial" instance=ExtResource( 2 )]
transform = Transform( 0.67172, -0.740804, 0, 0.740804, 0.67172, 0, 0, 0, 1, -0.829319, -9.86858, -50.6276 )

[node name="Wall3" parent="Objects/Spatial" instance=ExtResource( 2 )]
transform = Transform( 0.67172, -0.740804, 0, 0.740804, 0.67172, -1.77636e-15, 0, 0, 1, -0.829318, -9.86858, -27.2946 )

[node name="Wall2" parent="Objects/Spatial" instance=ExtResource( 2 )]
transform = Transform( 0.67172, -0.740804, 0, 0.740804, 0.67172, -5.32907e-15, 0, -2.98023e-08, 1, -0.965869, -9.79991, -3.93459 )

[node name="Spatial2" type="Spatial" parent="Objects"]
transform = Transform( -0.0619422, 0.988452, 0.138299, 0.912642, -3.98928e-08, 0.408761, 0.40404, 0.151537, -0.902102, -13.3817, -6.52219, -19.1368 )

[node name="Wall5" parent="Objects/Spatial2" instance=ExtResource( 2 )]
transform = Transform( 0.67172, -0.740804, 0, 0.740804, 0.67172, 0, 0, 0, 1, -0.829319, -9.86858, -73.9991 )

[node name="Wall4" parent="Objects/Spatial2" instance=ExtResource( 2 )]
transform = Transform( 0.67172, -0.740804, 0, 0.740804, 0.67172, 0, 0, 0, 1, -0.829319, -9.86858, -50.6276 )

[node name="Wall3" parent="Objects/Spatial2" instance=ExtResource( 2 )]
transform = Transform( 0.67172, -0.740804, 0, 0.740804, 0.67172, -1.77636e-15, 0, 0, 1, -0.829318, -9.86858, -27.2946 )

[node name="Wall2" parent="Objects/Spatial2" instance=ExtResource( 2 )]
transform = Transform( 0.67172, -0.740804, 0, 0.740804, 0.67172, -5.32907e-15, 0, -2.98023e-08, 1, -0.965869, -9.79991, -3.93459 )
