[gd_scene load_steps=4 format=2]

[ext_resource path="res://modules/Interactive/Checkpoint/Checkpoint.tscn" type="PackedScene" id=1]
[ext_resource path="res://modules/Structures/wall/Wall.tscn" type="PackedScene" id=2]
[ext_resource path="res://modules/Player/Player.tscn" type="PackedScene" id=3]

[node name="Level" type="Spatial"]
transform = Transform( 1, 0, 0, 0, 1, 0, 0, 0, 1, 0, -0.0108805, -0.000118077 )

[node name="Objects" type="Spatial" parent="."]

[node name="Wall" parent="Objects" instance=ExtResource( 2 )]
transform = Transform( -4.37114e-08, -1, 0, 1, -4.37114e-08, 0, 0, 0, 1, 1.33031, -0.875712, -3.30064 )

[node name="Checkpoint" parent="Objects" instance=ExtResource( 1 )]
transform = Transform( 1, 1.06581e-14, 0, -1.06581e-14, 1, 0, 0, 0, 1, 0, 1.19209e-07, 1.96451e-10 )

[node name="Player" parent="Objects" instance=ExtResource( 3 )]
transform = Transform( 1, 1.06581e-14, 0, -1.06581e-14, 1, 0, 0, 0, 1, 0, 1.19209e-07, 1.96451e-10 )
starting_checkpoint = NodePath("../Checkpoint")

[node name="DirectionalLight" type="DirectionalLight" parent="Objects"]
transform = Transform( -0.580025, -0.744398, -0.33082, -0.173916, -0.283588, 0.943044, -0.795817, 0.604524, 0.0350252, -2.53729, 6.00597, 2.00301 )

[node name="SpotLight" type="SpotLight" parent="Objects"]
transform = Transform( -0.559573, -0.795772, -0.23157, 0.276128, -0.442456, 0.853221, -0.781429, 0.413496, 0.467322, -2.96161, 3.58052, 4.60849 )
visible = false
light_energy = 12.737
spot_range = 7.38
spot_attenuation = 0.0131391
spot_angle = 38.39
spot_angle_attenuation = 0.392292

[node name="Spatial" type="Spatial" parent="Objects"]

[node name="Wall5" parent="Objects/Spatial" instance=ExtResource( 2 )]
transform = Transform( -0.734584, 0.678516, 0.00110549, -0.673285, -0.729122, 0.122748, 0.0840925, 0.0894245, 0.992438, -12.3725, -31.1122, -122.276 )

[node name="Wall4" parent="Objects/Spatial" instance=ExtResource( 2 )]
transform = Transform( -0.734584, 0.678516, 0.00110549, -0.673285, -0.729122, 0.122748, 0.0840925, 0.0894245, 0.992438, -12.3467, -28.2434, -99.0811 )

[node name="Wall3" parent="Objects/Spatial" instance=ExtResource( 2 )]
transform = Transform( -0.734585, 0.678515, 0.00110563, -0.673285, -0.729121, 0.122748, 0.0840925, 0.0894242, 0.992438, -12.32, -25.3332, -75.9447 )

[node name="Wall2" parent="Objects/Spatial" instance=ExtResource( 2 )]
transform = Transform( -0.734585, 0.678515, 0.00110562, -0.673286, -0.729122, 0.122748, 0.0840925, 0.0894243, 0.992438, -12.2942, -22.4681, -52.7802 )

[node name="Spatial2" type="Spatial" parent="Objects"]

[node name="Wall5" parent="Objects/Spatial2" instance=ExtResource( 2 )]
transform = Transform( -0.73477, -0.678315, 0.00110549, 0.673285, -0.729122, 0.122748, -0.0824558, 0.0909359, 0.992438, -1.41291, -8.68326, -92.4745 )

[node name="Wall4" parent="Objects/Spatial2" instance=ExtResource( 2 )]
transform = Transform( -0.73477, -0.678315, 0.00110549, 0.673285, -0.729122, 0.122748, -0.0824558, 0.0909359, 0.992438, -1.38708, -5.81445, -69.2797 )

[node name="Wall3" parent="Objects/Spatial2" instance=ExtResource( 2 )]
transform = Transform( -0.73477, -0.678314, 0.00110563, 0.673286, -0.729121, 0.122748, -0.0824556, 0.0909358, 0.992438, -1.36044, -2.90419, -46.1434 )

[node name="Wall2" parent="Objects/Spatial2" instance=ExtResource( 2 )]
transform = Transform( -0.73477, -0.678314, 0.00110562, 0.673286, -0.729122, 0.122748, -0.0824556, 0.0909358, 0.992438, -1.33464, -0.039127, -22.9789 )
