[gd_scene load_steps=17 format=2]

[ext_resource path="res://share/scripts/Puzzle.gd" type="Script" id=1]
[ext_resource path="res://share/scripts/open_door.gd" type="Script" id=2]
[ext_resource path="res://share/audio/CG_Door_Close.wav" type="AudioStream" id=3]
[ext_resource path="res://share/audio/CG_Door_Open.wav" type="AudioStream" id=4]
[ext_resource path="res://modules/Structures/circuitBoard/low/CircuitBoardLow.tscn" type="PackedScene" id=5]
[ext_resource path="res://modules/Decorative/Posters/Sprinting/Sprinting.tscn" type="PackedScene" id=6]
[ext_resource path="res://modules/Decorative/Posters/Movement/Movement.tscn" type="PackedScene" id=7]
[ext_resource path="res://modules/Decorative/Posters/ConnectingWires/ConnectingWires.tscn" type="PackedScene" id=8]
[ext_resource path="res://modules/Decorative/Posters/Jumping/Jumping.tscn" type="PackedScene" id=9]
[ext_resource path="res://modules/Powerlines/Pylons/static/PylonStatic.tscn" type="PackedScene" id=10]
[ext_resource path="res://modules/Player/Player.tscn" type="PackedScene" id=11]
[ext_resource path="res://modules/Interactive/Checkpoint/Checkpoint.tscn" type="PackedScene" id=12]
[ext_resource path="res://modules/Powerlines/Pylons/input/PylonInput.tscn" type="PackedScene" id=13]
[ext_resource path="res://modules/Structures/block/block.obj" type="ArrayMesh" id=14]
[ext_resource path="res://modules/Structures/Ending.tscn" type="PackedScene" id=15]

[sub_resource type="ConcavePolygonShape" id=1]
data = PoolVector3Array( -4, 4, -1, 4, 4, -1, -4, 4, 1, -4, 4, 1, 4, 4, -1, 4, 4, 1, 4, 4, 1, 4, -4, 1, -4, 4, 1, -4, 4, 1, 4, -4, 1, -4, -4, 1, -4, 4, 1, -4, -4, 1, -4, 4, -1, -4, 4, -1, -4, -4, 1, -4, -4, -1, 4, -4, -1, -4, -4, -1, 4, -4, 1, 4, -4, 1, -4, -4, -1, -4, -4, 1, 4, 4, -1, 4, -4, -1, 4, 4, 1, 4, 4, 1, 4, -4, -1, 4, -4, 1, -4, 4, -1, -4, -4, -1, 4, 4, -1, 4, 4, -1, -4, -4, -1, 4, -4, -1 )

[node name="Objects" type="Spatial"]

[node name="Checkpoint" parent="." instance=ExtResource( 12 )]
transform = Transform( 0.0205759, 0, 0.999788, 0, 1, 0, -0.999788, 0, 0.0205759, -55.5372, -15, -1.69617 )

[node name="Player" parent="." instance=ExtResource( 11 )]
transform = Transform( -4.37114e-08, 0, -1, 0, 1, 0, 1, 0, -4.37114e-08, -55.4527, -14.1149, -1.51707 )
starting_checkpoint = NodePath("../Checkpoint")

[node name="Stage0" type="Spatial" parent="."]
transform = Transform( 1, 0, 0, 0, 1, 0, 0, 0, 1, -99.179, -10, 7.45 )

[node name="SpotLight" type="SpotLight" parent="Stage0"]
transform = Transform( 0.0721171, -0.965926, 0.248569, 0.269145, 0.258819, 0.927671, -0.960396, -1.75965e-15, 0.278639, 43.6418, 11.293, -0.472244 )
light_color = Color( 0.835294, 1, 0.796078, 1 )
light_energy = 10.0
spot_range = 25.0

[node name="SpotLight2" type="SpotLight" parent="Stage0"]
transform = Transform( 0.632282, 0.774519, -0.0184142, -0.247112, 0.224144, 0.942706, 0.734272, -0.591506, 0.333115, 43.6418, 11.293, -19.5627 )
light_color = Color( 0.835294, 1, 0.796078, 1 )
light_energy = 10.0
spot_range = 25.0

[node name="SpotLight3" type="SpotLight" parent="Stage0"]
transform = Transform( 0.278176, -0.915517, 0.290598, -0.247112, 0.224144, 0.942706, -0.928199, -0.334049, -0.163883, 22.2062, 11.293, -11.5924 )
light_color = Color( 0.796078, 1, 0.980392, 1 )
light_energy = 10.0
spot_range = 25.0

[node name="SpotLight5" type="SpotLight" parent="Stage0"]
transform = Transform( 0.520876, 0.851091, -0.0658234, -0.247112, 0.224144, 0.942706, 0.817083, -0.474767, 0.327066, 3.88383, 11.293, -0.0141912 )
light_color = Color( 0.796078, 1, 0.980392, 1 )
light_energy = 10.0
spot_range = 25.0

[node name="SpotLight6" type="SpotLight" parent="Stage0"]
transform = Transform( 0.520876, 0.851091, -0.0658234, -0.247112, 0.224144, 0.942706, 0.817083, -0.474767, 0.327066, -30.7218, 11.293, -0.0141912 )
light_color = Color( 1, 0.952941, 0.796078, 1 )
light_energy = 10.0
spot_range = 25.0

[node name="SpotLight7" type="SpotLight" parent="Stage0"]
transform = Transform( 0.520876, 0.851091, -0.0658234, -0.247112, 0.224144, 0.942706, 0.817083, -0.474767, 0.327066, -30.7218, 11.293, -10.9428 )
light_color = Color( 1, 0.952941, 0.796078, 1 )
light_energy = 10.0
spot_range = 25.0

[node name="SpotLight8" type="SpotLight" parent="Stage0"]
transform = Transform( -0.0425505, -0.97445, 0.220538, -0.247112, 0.224144, 0.942706, -0.968052, -0.0143848, -0.250336, -45.6967, 11.293, -5.60264 )
light_color = Color( 1, 0.952941, 0.796078, 1 )
light_energy = 10.0
spot_range = 25.0

[node name="SpotLight9" type="SpotLight" parent="Stage0"]
transform = Transform( 0.924054, -0.238311, 0.298885, -0.247112, 0.224144, 0.942706, -0.291651, -0.944969, 0.148231, -45.6967, 11.293, -16.6026 )
light_color = Color( 1, 0.952941, 0.796078, 1 )
light_energy = 10.0
spot_range = 25.0

[node name="SpotLight10" type="SpotLight" parent="Stage0"]
transform = Transform( 1, 0, 0, 0, -4.37114e-08, 1, 0, -1, -4.37114e-08, -30.7432, -7.69503, -11.0707 )
light_color = Color( 1, 0.952941, 0.796078, 1 )
light_energy = 2.0
spot_range = 60.684
spot_angle = 74.842

[node name="SpotLight11" type="SpotLight" parent="Stage0"]
transform = Transform( 1, 0, 0, 0, -4.37114e-08, 1, 0, -1, -4.37114e-08, -5.02229, -7.69503, -11.0707 )
light_color = Color( 1, 0.952941, 0.796078, 1 )
light_energy = 2.0
spot_range = 60.684
spot_angle = 74.842

[node name="SpotLight12" type="SpotLight" parent="Stage0"]
transform = Transform( 1, 0, 0, 0, -4.37114e-08, 1, 0, -1, -4.37114e-08, 9.86404, -7.69503, -4.04705 )
light_energy = 2.0
spot_range = 60.684
spot_angle = 74.842

[node name="SpotLight13" type="SpotLight" parent="Stage0"]
transform = Transform( 0.433013, 0.75, -0.5, 0.25, 0.433013, 0.866025, 0.866025, -0.5, -1.29048e-08, 37.0603, -7.69503, -8.5673 )
light_energy = 2.0
spot_range = 60.684
spot_angle = 74.842

[node name="SpotLight14" type="SpotLight" parent="Stage0"]
transform = Transform( 0.353553, 0.612373, 0.707107, -0.353553, -0.612372, 0.707107, 0.866025, -0.5, 6.66134e-16, 37.0603, -7.69503, -8.5673 )
light_energy = 2.0
spot_range = 60.684
spot_angle = 74.842

[node name="SpotLight15" type="SpotLight" parent="Stage0"]
transform = Transform( 0.658848, -0.0399062, -0.751217, 0.672865, 0.47782, 0.564748, 0.33641, -0.877551, 0.341662, 51.9267, -7.69503, -7.74551 )
light_color = Color( 1, 0.85098, 0.85098, 1 )
light_energy = 2.0
spot_range = 60.684
spot_angle = 40.9437

[node name="SpotLight16" type="SpotLight" parent="Stage0"]
transform = Transform( 0.0380848, 0.740028, -0.671497, 0.367881, 0.614406, 0.697975, 0.929093, -0.273613, -0.248843, 58.5822, -5.34576, -5.01251 )
light_color = Color( 1, 0.678431, 0.921569, 1 )
light_energy = 2.0
spot_range = 60.684
spot_angle = 40.9437

[node name="SpotLight17" type="SpotLight" parent="Stage0"]
transform = Transform( -0.512597, 0.521089, 0.68243, -0.160786, -0.838984, 0.519859, 0.843441, 0.156753, 0.513844, 59.562, -4.12138, -10.0912 )
light_color = Color( 0.862745, 0.678431, 1, 1 )
light_energy = 2.0
spot_range = 60.684
spot_angle = 40.9437

[node name="SpotLight18" type="SpotLight" parent="Stage0"]
transform = Transform( -0.348677, 0.887382, 0.301624, 0.64278, -0.00780406, 0.766011, 0.682098, 0.460968, -0.567671, 53.6245, 0.970187, -10.0912 )
light_color = Color( 0.694118, 0.678431, 1, 1 )
light_energy = 2.0
spot_range = 60.684
spot_angle = 40.9437

[node name="SpotLight19" type="SpotLight" parent="Stage0"]
transform = Transform( 0.568612, 0.674933, -0.470262, 0.64278, -0.00780406, 0.766011, 0.513336, -0.737838, -0.438271, 57.6245, 2.04342, -6.45703 )
light_color = Color( 0.678431, 0.92549, 1, 1 )
light_energy = 2.0
spot_range = 60.684
spot_angle = 40.9437

[node name="SpotLight20" type="SpotLight" parent="Stage0"]
transform = Transform( -0.0390863, -0.99898, 0.0226208, 0.64278, -0.00780407, 0.766011, -0.765053, 0.0444808, 0.642429, 54.6534, 7.21548, -7.95458 )
light_color = Color( 0.678431, 1, 0.745098, 1 )
light_energy = 2.0
spot_range = 60.684
spot_angle = 40.9437

[node name="SpotLight21" type="SpotLight" parent="Stage0"]
transform = Transform( 0.763014, -0.0824313, -0.641105, 0.64278, -0.00780405, 0.766011, -0.0681465, -0.996566, 0.0470306, 57.4471, 13.3093, -11.4904 )
light_color = Color( 0.984314, 1, 0.678431, 1 )
light_energy = 2.0
spot_range = 94.063
spot_angle = 54.8585

[node name="SpotLight22" type="SpotLight" parent="Stage0"]
transform = Transform( 0.763014, -0.0824313, -0.641105, 0.64278, -0.00780405, 0.766011, -0.0681465, -0.996566, 0.0470306, 72.8733, 13.3093, -11.4904 )
light_color = Color( 1, 0.8, 0.678431, 1 )
light_energy = 2.0
spot_range = 94.063
spot_angle = 54.8585

[node name="SpotLight4" type="SpotLight" parent="Stage0"]
transform = Transform( 0.278176, -0.915517, 0.290598, -0.247112, 0.224144, 0.942706, -0.928199, -0.334049, -0.163883, 30.8564, 11.293, -19.9072 )
light_color = Color( 0.796078, 1, 0.980392, 1 )
light_energy = 10.0
spot_range = 25.0

[node name="Checkpoint2" parent="Stage0" instance=ExtResource( 12 )]
transform = Transform( 0.0205759, 0, 0.999788, 0, 1, 0, -0.999788, 0, 0.0205759, -22.5685, -14.928, -1.04802 )

[node name="Checkpoint3" parent="Stage0" instance=ExtResource( 12 )]
transform = Transform( 0.0205759, 0, 0.999788, 0, 1, 0, -0.999788, 0, 0.0205759, 9.84658, -14.928, -1.77083 )

[node name="DirectionalLight" type="DirectionalLight" parent="Stage0"]
transform = Transform( 1, 0, 0, 0, -0.160467, 0.987041, 0, -0.987041, -0.160467, 0, 30.9096, 8.28221 )
visible = false
light_color = Color( 0.223529, 0.27451, 0.309804, 1 )

[node name="DevLights" type="Spatial" parent="Stage0"]
visible = false

[node name="DirectionalLight2" type="DirectionalLight" parent="Stage0/DevLights"]
transform = Transform( 0.853553, -0.146447, 0.5, 0.5, 0.5, -0.707107, -0.146447, 0.853553, 0.5, 0, 30.9096, 8.28221 )
visible = false
light_color = Color( 0.686275, 0.839216, 0.941176, 1 )

[node name="DirectionalLight3" type="DirectionalLight" parent="Stage0/DevLights"]
transform = Transform( 0.146447, 0.853553, -0.5, -0.5, 0.5, 0.707107, 0.853553, 0.146447, 0.5, 0, 30.9096, 8.28221 )
visible = false
light_color = Color( 0.686275, 0.839216, 0.941176, 1 )

[node name="DirectionalLight4" type="DirectionalLight" parent="Stage0/DevLights"]
transform = Transform( 1, 0, 0, 0, 0.19983, 0.979831, 0, -0.979831, 0.19983, 0, 30.9096, 8.28221 )
light_color = Color( 0.223529, 0.27451, 0.309804, 1 )
editor_only = true

[node name="DirectionalLight5" type="DirectionalLight" parent="Stage0/DevLights"]
transform = Transform( 0.863431, -0.100808, -0.494292, 0.504467, 0.172539, 0.846016, 0, -0.979831, 0.19983, 0, 30.1937, 8.3655 )
light_color = Color( 0.223529, 0.27451, 0.309804, 1 )
editor_only = true

[node name="DirectionalLight6" type="DirectionalLight" parent="Stage0/DevLights"]
transform = Transform( 0.0252698, 0.199766, 0.979518, -0.999681, 0.00504966, 0.0247601, 0, -0.979831, 0.19983, 0, 30.1936, 8.3655 )
light_color = Color( 0.223529, 0.27451, 0.309804, 1 )
editor_only = true

[node name="Stage 1" type="Spatial" parent="Stage0"]

[node name="PylonStatic" parent="Stage0/Stage 1" instance=ExtResource( 10 )]
transform = Transform( -2.18557e-08, 0.5, 0, -0.5, -2.18557e-08, 0, 0, 0, 0.5, -18.7419, -2.91065, -11.0717 )
is_source = true
input_color = Color( 0.784314, 0.572549, 0.945098, 1 )
output_color = Color( 0.784314, 0.572549, 0.945098, 1 )

[node name="Walls" type="Spatial" parent="Stage0/Stage 1"]

[node name="block-441-wall4" type="RigidBody" parent="Stage0/Stage 1/Walls"]
transform = Transform( 1.91069e-15, -1, -4.37114e-08, -4.37114e-08, -4.37114e-08, 1, -1, 0, -4.37114e-08, -4.4749, -6.09315, -9.49826 )
mode = 1
__meta__ = {
"_edit_group_": true
}

[node name="block-441" type="MeshInstance" parent="Stage0/Stage 1/Walls/block-441-wall4"]
transform = Transform( 3, -3.08308e-15, 0, -9.24925e-15, 2.6136, 7.05327e-08, 0, 7.05327e-08, 1, 0, 0, 0 )
mesh = ExtResource( 14 )
material/0 = null

[node name="CollisionShape" type="CollisionShape" parent="Stage0/Stage 1/Walls/block-441-wall4"]
transform = Transform( 3, -3.08308e-15, 0, -9.24925e-15, 2.6136, 7.05327e-08, 0, 7.05327e-08, 1, 0, 0, 0 )
shape = SubResource( 1 )

[node name="block-441-wall5" type="RigidBody" parent="Stage0/Stage 1/Walls"]
transform = Transform( -4.37114e-08, -1, 0, 1, -4.37114e-08, 0, 0, 0, 1, -4.475, -4.801, -22.401 )
mode = 1
__meta__ = {
"_edit_group_": true
}

[node name="block-441" type="MeshInstance" parent="Stage0/Stage 1/Walls/block-441-wall5"]
transform = Transform( 3, -3.08308e-15, 0, -9.24925e-15, 2.6136, 7.05327e-08, 0, 7.05327e-08, 1, 0, 0, 0 )
mesh = ExtResource( 14 )
material/0 = null

[node name="CollisionShape" type="CollisionShape" parent="Stage0/Stage 1/Walls/block-441-wall5"]
transform = Transform( 3, -3.08308e-15, 0, -9.24925e-15, 2.6136, 7.05327e-08, 0, 7.05327e-08, 1, 0, 0, 0 )
shape = SubResource( 1 )

[node name="block-441-wall6" type="RigidBody" parent="Stage0/Stage 1/Walls"]
transform = Transform( -4.37114e-08, 0, -1, 0, 1, 0, 1, 0, -4.37114e-08, 46.6772, 5.36774, -9.38281 )
mode = 1
__meta__ = {
"_edit_group_": true
}

[node name="block-441" type="MeshInstance" parent="Stage0/Stage 1/Walls/block-441-wall6"]
transform = Transform( 3, -3.08308e-15, 0, -9.24925e-15, 2.6136, 7.05327e-08, 0, 7.05327e-08, 1, 0, 0, 0 )
mesh = ExtResource( 14 )
material/0 = null

[node name="CollisionShape" type="CollisionShape" parent="Stage0/Stage 1/Walls/block-441-wall6"]
transform = Transform( 3, -3.08308e-15, 0, -9.24925e-15, 2.6136, 7.05327e-08, 0, 7.05327e-08, 1, 0, 0, 0 )
shape = SubResource( 1 )

[node name="block-441-wall7" type="RigidBody" parent="Stage0/Stage 1/Walls"]
transform = Transform( -4.37114e-08, -1, 0, 1, -4.37114e-08, 0, 0, 0, 1, -4.4749, -4.80109, 3.47997 )
mode = 1
__meta__ = {
"_edit_group_": true
}

[node name="block-441" type="MeshInstance" parent="Stage0/Stage 1/Walls/block-441-wall7"]
transform = Transform( 3, -3.08308e-15, 0, -9.24925e-15, 2.6136, 7.05327e-08, 0, 7.05327e-08, 1, 0, 0, 0 )
mesh = ExtResource( 14 )
material/0 = null

[node name="CollisionShape" type="CollisionShape" parent="Stage0/Stage 1/Walls/block-441-wall7"]
transform = Transform( 3, -3.08308e-15, 0, -9.24925e-15, 2.6136, 7.05327e-08, 0, 7.05327e-08, 1, 0, 0, 0 )
shape = SubResource( 1 )

[node name="block-441-wall8" type="RigidBody" parent="Stage0/Stage 1/Walls"]
transform = Transform( 1.91069e-15, -1, -4.37114e-08, -4.37114e-08, -4.37114e-08, 1, -1, 0, -4.37114e-08, -25.3606, -6.09315, -9.49826 )
mode = 1
__meta__ = {
"_edit_group_": true
}

[node name="block-441" type="MeshInstance" parent="Stage0/Stage 1/Walls/block-441-wall8"]
transform = Transform( 3, -3.08308e-15, 0, -9.24925e-15, 2.6136, 7.05327e-08, 0, 7.05327e-08, 1, 0, 0, 0 )
mesh = ExtResource( 14 )
material/0 = null

[node name="CollisionShape" type="CollisionShape" parent="Stage0/Stage 1/Walls/block-441-wall8"]
transform = Transform( 3, -3.08308e-15, 0, -9.24925e-15, 2.6136, 7.05327e-08, 0, 7.05327e-08, 1, 0, 0, 0 )
shape = SubResource( 1 )

[node name="block-441-wall9" type="RigidBody" parent="Stage0/Stage 1/Walls"]
transform = Transform( -2.79918e-08, -0.76806, 0.640378, -3.3573e-08, 0.640378, 0.76806, -1, 0, -4.37114e-08, -43.9963, -9.29838, -9.49826 )
mode = 1
__meta__ = {
"_edit_group_": true
}

[node name="block-441" type="MeshInstance" parent="Stage0/Stage 1/Walls/block-441-wall9"]
transform = Transform( 3, -3.08308e-15, 0, -9.24925e-15, 2.6136, 7.05327e-08, 0, 7.05327e-08, 1, 0, 0, 0 )
mesh = ExtResource( 14 )
material/0 = null

[node name="CollisionShape" type="CollisionShape" parent="Stage0/Stage 1/Walls/block-441-wall9"]
transform = Transform( 3, -3.08308e-15, 0, -9.24925e-15, 2.6136, 7.05327e-08, 0, 7.05327e-08, 1, 0, 0, 0 )
shape = SubResource( 1 )

[node name="block-441-wall10" type="RigidBody" parent="Stage0/Stage 1/Walls"]
transform = Transform( 1.91069e-15, -1, -4.37114e-08, -4.37114e-08, -4.37114e-08, 1, -1, 0, -4.37114e-08, -25.3606, -15.8885, -9.49826 )
mode = 1
__meta__ = {
"_edit_group_": true
}

[node name="block-441" type="MeshInstance" parent="Stage0/Stage 1/Walls/block-441-wall10"]
transform = Transform( 3, -3.08308e-15, 0, -9.24925e-15, 2.6136, 7.05327e-08, 0, 7.05327e-08, 1, 0, 0, 0 )
mesh = ExtResource( 14 )
material/0 = null

[node name="CollisionShape" type="CollisionShape" parent="Stage0/Stage 1/Walls/block-441-wall10"]
transform = Transform( 3, -3.08308e-15, 0, -9.24925e-15, 2.6136, 7.05327e-08, 0, 7.05327e-08, 1, 0, 0, 0 )
shape = SubResource( 1 )

[node name="block-441-wall11" type="RigidBody" parent="Stage0/Stage 1/Walls"]
transform = Transform( -4.37114e-08, -1, 0, 1, -4.37114e-08, 0, 0, 0, 1, -25.3913, -4.80109, -22.4601 )
mode = 1
__meta__ = {
"_edit_group_": true
}

[node name="block-441" type="MeshInstance" parent="Stage0/Stage 1/Walls/block-441-wall11"]
transform = Transform( 3, -3.08308e-15, 0, -9.24925e-15, 2.6136, 7.05327e-08, 0, 7.05327e-08, 1, 0, 0, 0 )
mesh = ExtResource( 14 )
material/0 = null

[node name="CollisionShape" type="CollisionShape" parent="Stage0/Stage 1/Walls/block-441-wall11"]
transform = Transform( 3, -3.08308e-15, 0, -9.24925e-15, 2.6136, 7.05327e-08, 0, 7.05327e-08, 1, 0, 0, 0 )
shape = SubResource( 1 )

[node name="block-441-wall12" type="RigidBody" parent="Stage0/Stage 1/Walls"]
transform = Transform( -4.37114e-08, -1, 0, 1, -4.37114e-08, 0, 0, 0, 1, -46.3197, -4.80109, 3.47997 )
mode = 1
__meta__ = {
"_edit_group_": true
}

[node name="block-441" type="MeshInstance" parent="Stage0/Stage 1/Walls/block-441-wall12"]
transform = Transform( 3, -3.08308e-15, 0, -9.24925e-15, 2.6136, 7.05327e-08, 0, 7.05327e-08, 1, 0, 0, 0 )
mesh = ExtResource( 14 )
material/0 = null

[node name="CollisionShape" type="CollisionShape" parent="Stage0/Stage 1/Walls/block-441-wall12"]
transform = Transform( 3, -3.08308e-15, 0, -9.24925e-15, 2.6136, 7.05327e-08, 0, 7.05327e-08, 1, 0, 0, 0 )
shape = SubResource( 1 )

[node name="block-441-wall14" type="RigidBody" parent="Stage0/Stage 1/Walls"]
transform = Transform( -4.37114e-08, -1, 0, 1, -4.37114e-08, 0, 0, 0, 1, -46.1112, -4.801, -22.401 )
mode = 1
__meta__ = {
"_edit_group_": true
}

[node name="block-441" type="MeshInstance" parent="Stage0/Stage 1/Walls/block-441-wall14"]
transform = Transform( 3, -3.08308e-15, 0, -9.24925e-15, 2.6136, 7.05327e-08, 0, 7.05327e-08, 1, 0, 0, 0 )
mesh = ExtResource( 14 )
material/0 = null

[node name="CollisionShape" type="CollisionShape" parent="Stage0/Stage 1/Walls/block-441-wall14"]
transform = Transform( 3, -3.08308e-15, 0, -9.24925e-15, 2.6136, 7.05327e-08, 0, 7.05327e-08, 1, 0, 0, 0 )
shape = SubResource( 1 )

[node name="block-441-wall15" type="RigidBody" parent="Stage0/Stage 1/Walls"]
transform = Transform( -4.37114e-08, 0, -1, 0, 1, 0, 1, 0, -4.37114e-08, -52.4389, 6.36918, -9.38281 )
mode = 1
__meta__ = {
"_edit_group_": true
}

[node name="block-441" type="MeshInstance" parent="Stage0/Stage 1/Walls/block-441-wall15"]
transform = Transform( 3, -3.08308e-15, 0, -9.24925e-15, 2.6136, 7.05327e-08, 0, 7.05327e-08, 1, 0, 0, 0 )
mesh = ExtResource( 14 )
material/0 = null

[node name="CollisionShape" type="CollisionShape" parent="Stage0/Stage 1/Walls/block-441-wall15"]
transform = Transform( 3, -3.08308e-15, 0, -9.24925e-15, 2.6136, 7.05327e-08, 0, 7.05327e-08, 1, 0, 0, 0 )
shape = SubResource( 1 )

[node name="block-441-wall16" type="RigidBody" parent="Stage0/Stage 1/Walls"]
transform = Transform( -4.37114e-08, 0, -1, 0, 1, 0, 1, 0, -4.37114e-08, -19.5842, -4.87655, -17.2906 )
mode = 1
__meta__ = {
"_edit_group_": true
}

[node name="block-441" type="MeshInstance" parent="Stage0/Stage 1/Walls/block-441-wall16"]
transform = Transform( 3, -3.08308e-15, 0, -9.24925e-15, 2.6136, 7.05327e-08, 0, 7.05327e-08, 1, 0, 0, 0 )
mesh = ExtResource( 14 )
material/0 = null

[node name="CollisionShape" type="CollisionShape" parent="Stage0/Stage 1/Walls/block-441-wall16"]
transform = Transform( 3, -3.08308e-15, 0, -9.24925e-15, 2.6136, 7.05327e-08, 0, 7.05327e-08, 1, 0, 0, 0 )
shape = SubResource( 1 )

[node name="block-441-wall17" type="RigidBody" parent="Stage0/Stage 1/Walls"]
transform = Transform( 1.91069e-15, -1, -4.37114e-08, -4.37114e-08, -4.37114e-08, 1, -1, 0, -4.37114e-08, 16.3719, -6.09315, -9.49826 )
mode = 1
__meta__ = {
"_edit_group_": true
}

[node name="block-441" type="MeshInstance" parent="Stage0/Stage 1/Walls/block-441-wall17"]
transform = Transform( 3, -3.08308e-15, 0, -9.24925e-15, 2.6136, 7.05327e-08, 0, 7.05327e-08, 1, 0, 0, 0 )
mesh = ExtResource( 14 )
material/0 = null

[node name="CollisionShape" type="CollisionShape" parent="Stage0/Stage 1/Walls/block-441-wall17"]
transform = Transform( 3, -3.08308e-15, 0, -9.24925e-15, 2.6136, 7.05327e-08, 0, 7.05327e-08, 1, 0, 0, 0 )
shape = SubResource( 1 )

[node name="block-441-wall18" type="RigidBody" parent="Stage0/Stage 1/Walls"]
transform = Transform( 1.91069e-15, -1, -4.37114e-08, -4.37114e-08, -4.37114e-08, 1, -1, 0, -4.37114e-08, 37.2003, -6.09315, -9.49826 )
mode = 1
__meta__ = {
"_edit_group_": true
}

[node name="block-441" type="MeshInstance" parent="Stage0/Stage 1/Walls/block-441-wall18"]
transform = Transform( 3, 8.05795e-15, -8.32026e-23, -9.24925e-15, 2.6136, -2.69868e-08, 0, 7.05327e-08, 1, 0, 0, 0 )
mesh = ExtResource( 14 )
material/0 = null

[node name="CollisionShape" type="CollisionShape" parent="Stage0/Stage 1/Walls/block-441-wall18"]
transform = Transform( 3, 8.05795e-15, -8.32026e-23, -9.24925e-15, 2.6136, -2.69868e-08, 0, 7.05327e-08, 1, 0, 0, 0 )
shape = SubResource( 1 )

[node name="block-441-wall20" type="RigidBody" parent="Stage0/Stage 1/Walls"]
transform = Transform( -4.37114e-08, -1, 0, 1, -4.37114e-08, 0, 0, 0, 1, 37.1673, -4.80109, -22.4601 )
mode = 1
__meta__ = {
"_edit_group_": true
}

[node name="block-441" type="MeshInstance" parent="Stage0/Stage 1/Walls/block-441-wall20"]
transform = Transform( 3, -3.08308e-15, 0, -9.24925e-15, 2.6136, 7.05327e-08, 0, 7.05327e-08, 1, 0, 0, 0 )
mesh = ExtResource( 14 )
material/0 = null

[node name="CollisionShape" type="CollisionShape" parent="Stage0/Stage 1/Walls/block-441-wall20"]
transform = Transform( 3, -3.08308e-15, 0, -9.24925e-15, 2.6136, 7.05327e-08, 0, 7.05327e-08, 1, 0, 0, 0 )
shape = SubResource( 1 )

[node name="block-441-wall21" type="RigidBody" parent="Stage0/Stage 1/Walls"]
transform = Transform( -4.37114e-08, -1, 0, 1, -4.37114e-08, 0, 0, 0, 1, 16.4474, -4.801, -22.401 )
mode = 1
__meta__ = {
"_edit_group_": true
}

[node name="block-441" type="MeshInstance" parent="Stage0/Stage 1/Walls/block-441-wall21"]
transform = Transform( 3, -3.08308e-15, 0, -9.24925e-15, 2.6136, 7.05327e-08, 0, 7.05327e-08, 1, 0, 0, 0 )
mesh = ExtResource( 14 )
material/0 = null

[node name="CollisionShape" type="CollisionShape" parent="Stage0/Stage 1/Walls/block-441-wall21"]
transform = Transform( 3, -3.08308e-15, 0, -9.24925e-15, 2.6136, 7.05327e-08, 0, 7.05327e-08, 1, 0, 0, 0 )
shape = SubResource( 1 )

[node name="block-441-wall19" type="RigidBody" parent="Stage0/Stage 1/Walls"]
transform = Transform( -4.37114e-08, -1, 0, 1, -4.37114e-08, 0, 0, 0, 1, 37.4142, -4.80109, 3.47997 )
mode = 1
__meta__ = {
"_edit_group_": true
}

[node name="block-441" type="MeshInstance" parent="Stage0/Stage 1/Walls/block-441-wall19"]
transform = Transform( 3, -3.08308e-15, 0, -9.24925e-15, 2.6136, 7.05327e-08, 0, 7.05327e-08, 1, 0, 0, 0 )
mesh = ExtResource( 14 )
material/0 = null

[node name="CollisionShape" type="CollisionShape" parent="Stage0/Stage 1/Walls/block-441-wall19"]
transform = Transform( 3, -3.08308e-15, 0, -9.24925e-15, 2.6136, 7.05327e-08, 0, 7.05327e-08, 1, 0, 0, 0 )
shape = SubResource( 1 )

[node name="block-441-wall22" type="RigidBody" parent="Stage0/Stage 1/Walls"]
transform = Transform( -4.37114e-08, -1, 0, 1, -4.37114e-08, 0, 0, 0, 1, 16.4795, -4.80109, 3.47997 )
mode = 1
__meta__ = {
"_edit_group_": true
}

[node name="block-441" type="MeshInstance" parent="Stage0/Stage 1/Walls/block-441-wall22"]
transform = Transform( 3, -3.08308e-15, 0, -9.24925e-15, 2.6136, 7.05327e-08, 0, 7.05327e-08, 1, 0, 0, 0 )
mesh = ExtResource( 14 )
material/0 = null

[node name="CollisionShape" type="CollisionShape" parent="Stage0/Stage 1/Walls/block-441-wall22"]
transform = Transform( 3, -3.08308e-15, 0, -9.24925e-15, 2.6136, 7.05327e-08, 0, 7.05327e-08, 1, 0, 0, 0 )
shape = SubResource( 1 )

[node name="block-441-wall23" type="RigidBody" parent="Stage0/Stage 1/Walls"]
transform = Transform( 1.91069e-15, -1, -4.37114e-08, -4.37114e-08, -4.37114e-08, 1, -1, 0, -4.37114e-08, 16.9898, -15.8885, -9.49826 )
mode = 1
__meta__ = {
"_edit_group_": true
}

[node name="block-441" type="MeshInstance" parent="Stage0/Stage 1/Walls/block-441-wall23"]
transform = Transform( 3, -3.08308e-15, 0, -9.24925e-15, 2.6136, 7.05327e-08, 0, 7.05327e-08, 1, 0, 0, 0 )
mesh = ExtResource( 14 )
material/0 = null

[node name="CollisionShape" type="CollisionShape" parent="Stage0/Stage 1/Walls/block-441-wall23"]
transform = Transform( 3, -3.08308e-15, 0, -9.24925e-15, 2.6136, 7.05327e-08, 0, 7.05327e-08, 1, 0, 0, 0 )
shape = SubResource( 1 )

[node name="block-441-wall24" type="RigidBody" parent="Stage0/Stage 1/Walls"]
transform = Transform( 1.91069e-15, -1, -4.37114e-08, -4.37114e-08, -4.37114e-08, 1, -1, 0, -4.37114e-08, 37.174, -15.889, -9.498 )
mode = 1
__meta__ = {
"_edit_group_": true
}

[node name="block-441" type="MeshInstance" parent="Stage0/Stage 1/Walls/block-441-wall24"]
transform = Transform( 3, -3.08308e-15, 0, -9.24925e-15, 2.6136, 7.05327e-08, 0, 7.05327e-08, 1, 0, 0, 0 )
mesh = ExtResource( 14 )
material/0 = null

[node name="CollisionShape" type="CollisionShape" parent="Stage0/Stage 1/Walls/block-441-wall24"]
transform = Transform( 3, -3.08308e-15, 0, -9.24925e-15, 2.6136, 7.05327e-08, 0, 7.05327e-08, 1, 0, 0, 0 )
shape = SubResource( 1 )

[node name="block-441-wall25" type="RigidBody" parent="Stage0/Stage 1/Walls"]
transform = Transform( -4.37114e-08, 0, -1, 0, 1, 0, 1, 0, -4.37114e-08, 26.6972, -4.49384, -1.76353 )
mode = 1
__meta__ = {
"_edit_group_": true
}

[node name="block-441" type="MeshInstance" parent="Stage0/Stage 1/Walls/block-441-wall25"]
transform = Transform( 3, -3.08308e-15, 0, -9.24925e-15, 2.6136, 7.05327e-08, 0, 7.05327e-08, 1, 0, 0, 0 )
mesh = ExtResource( 14 )
material/0 = null

[node name="CollisionShape" type="CollisionShape" parent="Stage0/Stage 1/Walls/block-441-wall25"]
transform = Transform( 3, -3.08308e-15, 0, -9.24925e-15, 2.6136, 7.05327e-08, 0, 7.05327e-08, 1, 0, 0, 0 )
shape = SubResource( 1 )

[node name="block-441-wall26" type="RigidBody" parent="Stage0/Stage 1/Walls"]
transform = Transform( -4.37114e-08, 0, -1, 0, 1, 0, 1, 0, -4.37114e-08, 5.89489, -4.50116, -16.7998 )
mode = 1
__meta__ = {
"_edit_group_": true
}

[node name="block-441" type="MeshInstance" parent="Stage0/Stage 1/Walls/block-441-wall26"]
transform = Transform( 3, -3.08308e-15, 0, -9.24925e-15, 2.6136, 7.05327e-08, 0, 7.05327e-08, 1, 0, 0, 0 )
mesh = ExtResource( 14 )
material/0 = null

[node name="CollisionShape" type="CollisionShape" parent="Stage0/Stage 1/Walls/block-441-wall26"]
transform = Transform( 3, -3.08308e-15, 0, -9.24925e-15, 2.6136, 7.05327e-08, 0, 7.05327e-08, 1, 0, 0, 0 )
shape = SubResource( 1 )

[node name="block-441-wall27" type="RigidBody" parent="Stage0/Stage 1/Walls"]
transform = Transform( 1, 0, 0, 0, -4.37114e-08, 1, 0, -1, -4.37114e-08, 16.33, -4.01136, -9.53264 )
mode = 1
__meta__ = {
"_edit_group_": true
}

[node name="block-441" type="MeshInstance" parent="Stage0/Stage 1/Walls/block-441-wall27"]
transform = Transform( -1.62921e-07, 2.4, 5.82705e-09, -1, -3.9101e-07, -4.37114e-08, -4.37114e-08, -1.39849e-08, 1, 0, 0.231992, -0.1 )
mesh = ExtResource( 14 )
material/0 = null

[node name="CollisionShape" type="CollisionShape" parent="Stage0/Stage 1/Walls/block-441-wall27"]
transform = Transform( -1.62921e-07, 2.4, 5.82705e-09, -1, -3.9101e-07, -4.37114e-08, -4.37114e-08, -1.39849e-08, 1, 0, 0.231992, -0.1 )
shape = SubResource( 1 )

[node name="block-441-wall28" type="RigidBody" parent="Stage0/Stage 1/Walls"]
transform = Transform( -4.37114e-08, -1, -4.37114e-08, 0, -4.37114e-08, 1, -1, 4.37114e-08, 1.91069e-15, 62.481, -13.9121, -16.2275 )
mode = 1
__meta__ = {
"_edit_group_": true
}

[node name="block-441" type="MeshInstance" parent="Stage0/Stage 1/Walls/block-441-wall28"]
transform = Transform( 1, 3.55271e-15, -5.29396e-23, -3.55271e-15, 1, -2.69868e-08, 0, 2.69868e-08, 1, -3.53532, 0, 0 )
mesh = ExtResource( 14 )
material/0 = null

[node name="CollisionShape" type="CollisionShape" parent="Stage0/Stage 1/Walls/block-441-wall28"]
transform = Transform( 1, 3.55271e-15, -5.29396e-23, -3.55271e-15, 1, -2.69868e-08, 0, 2.69868e-08, 1, -3.53532, 0, 0 )
shape = SubResource( 1 )

[node name="block-441-wall29" type="RigidBody" parent="Stage0/Stage 1/Walls"]
transform = Transform( -4.37114e-08, -1, 0, 1, -4.37114e-08, 0, 0, 0, 1, 57.7093, -4.80109, -22.4601 )
mode = 1
__meta__ = {
"_edit_group_": true
}

[node name="block-441" type="MeshInstance" parent="Stage0/Stage 1/Walls/block-441-wall29"]
transform = Transform( 3, -3.08308e-15, 0, -9.24925e-15, 2.6136, 7.05327e-08, 0, 7.05327e-08, 1, 0, 0, 0 )
mesh = ExtResource( 14 )
material/0 = null

[node name="CollisionShape" type="CollisionShape" parent="Stage0/Stage 1/Walls/block-441-wall29"]
transform = Transform( 3, -3.08308e-15, 0, -9.24925e-15, 2.6136, 7.05327e-08, 0, 7.05327e-08, 1, 0, 0, 0 )
shape = SubResource( 1 )

[node name="block-441-wall30" type="RigidBody" parent="Stage0/Stage 1/Walls"]
transform = Transform( -4.37114e-08, -1, 0, 1, -4.37114e-08, 0, 0, 0, 1, 57.9562, -4.80109, 3.47997 )
mode = 1
__meta__ = {
"_edit_group_": true
}

[node name="block-441" type="MeshInstance" parent="Stage0/Stage 1/Walls/block-441-wall30"]
transform = Transform( 3, -3.08308e-15, 0, -9.24925e-15, 2.6136, 7.05327e-08, 0, 7.05327e-08, 1, 0, 0, 0 )
mesh = ExtResource( 14 )
material/0 = null

[node name="CollisionShape" type="CollisionShape" parent="Stage0/Stage 1/Walls/block-441-wall30"]
transform = Transform( 3, -3.08308e-15, 0, -9.24925e-15, 2.6136, 7.05327e-08, 0, 7.05327e-08, 1, 0, 0, 0 )
shape = SubResource( 1 )

[node name="block-441-wall31" type="RigidBody" parent="Stage0/Stage 1/Walls"]
transform = Transform( 1.91069e-15, -1, -4.37114e-08, -4.37114e-08, -4.37114e-08, 1, -1, 0, -4.37114e-08, 57.716, -15.889, -9.498 )
mode = 1
__meta__ = {
"_edit_group_": true
}

[node name="block-441" type="MeshInstance" parent="Stage0/Stage 1/Walls/block-441-wall31"]
transform = Transform( 3, -3.08308e-15, 0, -9.24925e-15, 2.6136, 7.05327e-08, 0, 7.05327e-08, 1, 0, 0, 0 )
mesh = ExtResource( 14 )
material/0 = null

[node name="CollisionShape" type="CollisionShape" parent="Stage0/Stage 1/Walls/block-441-wall31"]
transform = Transform( 3, -3.08308e-15, 0, -9.24925e-15, 2.6136, 7.05327e-08, 0, 7.05327e-08, 1, 0, 0, 0 )
shape = SubResource( 1 )

[node name="block-441-wall32" type="RigidBody" parent="Stage0/Stage 1/Walls"]
transform = Transform( -4.37114e-08, -1, -4.37114e-08, 0, -4.37114e-08, 1, -1, 4.37114e-08, 1.91069e-15, 62.481, -13.0258, -2.8258 )
mode = 1
__meta__ = {
"_edit_group_": true
}

[node name="block-441" type="MeshInstance" parent="Stage0/Stage 1/Walls/block-441-wall32"]
transform = Transform( 1, 3.55271e-15, -5.29396e-23, -3.55271e-15, 1, -2.69868e-08, 0, 2.69868e-08, 1, 0, 0, 1.22056 )
mesh = ExtResource( 14 )
material/0 = null

[node name="CollisionShape" type="CollisionShape" parent="Stage0/Stage 1/Walls/block-441-wall32"]
transform = Transform( 1, 3.55271e-15, -5.29396e-23, -3.55271e-15, 1, -2.69868e-08, 0, 2.69868e-08, 1, 0, 0, 1.22056 )
shape = SubResource( 1 )

[node name="block-441-wall33" type="RigidBody" parent="Stage0/Stage 1/Walls"]
transform = Transform( -4.37114e-08, -1, -4.37114e-08, 0, -4.37114e-08, 1, -1, 4.37114e-08, 1.91069e-15, 53.4105, -8.79683, -14.9119 )
mode = 1
__meta__ = {
"_edit_group_": true
}

[node name="block-441" type="MeshInstance" parent="Stage0/Stage 1/Walls/block-441-wall33"]
transform = Transform( 1, -1.48943e-09, -1.13133e-08, -1.48943e-09, 0.965926, -0.258819, 1.13133e-08, 0.258819, 0.965926, 0, 0, 0 )
mesh = ExtResource( 14 )
material/0 = null

[node name="CollisionShape" type="CollisionShape" parent="Stage0/Stage 1/Walls/block-441-wall33"]
transform = Transform( 1, -1.48943e-09, -1.13133e-08, -1.48943e-09, 0.965926, -0.258819, 1.13133e-08, 0.258819, 0.965926, 0, 0, 0 )
shape = SubResource( 1 )

[node name="block-441-wall61" type="RigidBody" parent="Stage0/Stage 1/Walls"]
transform = Transform( 1.66282e-08, 4.02418e-08, -0.380408, 1.75903e-15, -0.540217, -4.02419e-08, -0.423749, 0, -1.85226e-08, 47.3323, -9.23198, -16.403 )
mode = 1
__meta__ = {
"_edit_group_": true
}

[node name="block-441" type="MeshInstance" parent="Stage0/Stage 1/Walls/block-441-wall61"]
transform = Transform( 3, -3.08308e-15, 0, -9.24925e-15, 2.6136, 7.05327e-08, 0, 7.05327e-08, 1, 0, 0, 0 )
mesh = ExtResource( 14 )
material/0 = null

[node name="CollisionShape" type="CollisionShape" parent="Stage0/Stage 1/Walls/block-441-wall61"]
transform = Transform( 3, -3.08308e-15, 0, -9.24925e-15, 2.6136, 7.05327e-08, 0, 7.05327e-08, 1, 0, 0, 0 )
shape = SubResource( 1 )

[node name="block-441-wall62" type="RigidBody" parent="Stage0/Stage 1/Walls"]
transform = Transform( 1.66282e-08, 4.02418e-08, -0.380408, 1.75903e-15, -0.540217, -4.02419e-08, -0.423749, 0, -1.85226e-08, 47.3323, -9.23198, -1.90812 )
mode = 1
__meta__ = {
"_edit_group_": true
}

[node name="block-441" type="MeshInstance" parent="Stage0/Stage 1/Walls/block-441-wall62"]
transform = Transform( 3, -3.08308e-15, 0, -9.24925e-15, 2.6136, 7.05327e-08, 0, 7.05327e-08, 1, 0, 0, 0 )
mesh = ExtResource( 14 )
material/0 = null

[node name="CollisionShape" type="CollisionShape" parent="Stage0/Stage 1/Walls/block-441-wall62"]
transform = Transform( 3, -3.08308e-15, 0, -9.24925e-15, 2.6136, 7.05327e-08, 0, 7.05327e-08, 1, 0, 0, 0 )
shape = SubResource( 1 )

[node name="block-441-wall34" type="RigidBody" parent="Stage0/Stage 1/Walls"]
transform = Transform( -4.37114e-08, -1, -4.37114e-08, 0, -4.37114e-08, 1, -1, 4.37114e-08, 1.91069e-15, 50.2259, -5.66704, -2.94324 )
mode = 1
__meta__ = {
"_edit_group_": true
}

[node name="block-441" type="MeshInstance" parent="Stage0/Stage 1/Walls/block-441-wall34"]
transform = Transform( 1, -3.23367e-09, 3.29994e-09, -3.23368e-09, 0.926022, 0.0754938, -1.64997e-08, -0.377469, 0.185204, 0, -1.01866, 0 )
mesh = ExtResource( 14 )
material/0 = null

[node name="CollisionShape" type="CollisionShape" parent="Stage0/Stage 1/Walls/block-441-wall34"]
transform = Transform( 1, -3.23367e-09, 3.29994e-09, -3.23368e-09, 0.926022, 0.0754938, -1.64997e-08, -0.377469, 0.185204, 0, -1.01866, 0 )
shape = SubResource( 1 )

[node name="SpotLight" type="SpotLight" parent="Stage0/Stage 1/Walls"]
transform = Transform( 0.0669873, -0.965926, 0.25, 0.25, 0.258819, 0.933013, -0.965926, 3.08536e-08, 0.258819, 61.0548, 3.98702, -2.99355 )
spot_range = 12.2031
spot_angle = 56.25

[node name="SpotLight2" type="SpotLight" parent="Stage0/Stage 1/Walls"]
transform = Transform( 0.0669873, -0.965926, 0.25, 0.25, 0.258819, 0.933013, -0.965926, 3.08536e-08, 0.258819, 61.0548, -4.76666, -2.99355 )
spot_range = 12.2031
spot_angle = 56.25

[node name="SpotLight3" type="SpotLight" parent="Stage0/Stage 1/Walls"]
transform = Transform( 0.471907, -0.641457, -0.604845, -0.195105, -0.74501, 0.637882, -0.859789, -0.183013, -0.476727, 54.9391, -0.178147, -15.8194 )
spot_range = 12.2031
spot_angle = 56.25

[node name="block-441-wall35" type="RigidBody" parent="Stage0/Stage 1/Walls"]
transform = Transform( -4.37114e-08, -1, -4.37114e-08, 0, -4.37114e-08, 1, -1, 4.37114e-08, 1.91069e-15, 61.0548, -3.28311, -2.99355 )
mode = 1
__meta__ = {
"_edit_group_": true
}

[node name="block-441" type="MeshInstance" parent="Stage0/Stage 1/Walls/block-441-wall35"]
transform = Transform( 1, 3.08308e-15, -8.32026e-23, -3.08308e-15, 1, -2.69868e-08, 0, 2.69868e-08, 1, 0, 0, 0 )
mesh = ExtResource( 14 )
material/0 = null

[node name="CollisionShape" type="CollisionShape" parent="Stage0/Stage 1/Walls/block-441-wall35"]
transform = Transform( 1, 3.08308e-15, -8.32026e-23, -3.08308e-15, 1, -2.69868e-08, 0, 2.69868e-08, 1, 0, 0, 0 )
shape = SubResource( 1 )

[node name="block-441-wall36" type="RigidBody" parent="Stage0/Stage 1/Walls"]
transform = Transform( 0.0894464, -0.975277, 0.202076, 0.394751, 0.220987, 0.891816, -0.914424, -2.08616e-07, 0.404757, 52.0014, 2.40688, -18.3801 )
mode = 1
__meta__ = {
"_edit_group_": true
}

[node name="block-441" type="MeshInstance" parent="Stage0/Stage 1/Walls/block-441-wall36"]
transform = Transform( 1.5, -6.56441e-09, 7.45058e-09, -7.14824e-08, 1.5, -2.43384e-08, 1.78814e-07, 2.01992e-07, 0.2, -2.22049, -1.97792, 1.47298 )
mesh = ExtResource( 14 )
material/0 = null

[node name="CollisionShape" type="CollisionShape" parent="Stage0/Stage 1/Walls/block-441-wall36"]
transform = Transform( 1.5, -6.56441e-09, 7.45058e-09, -7.14824e-08, 1.5, -2.43384e-08, 1.78814e-07, 2.01992e-07, 0.2, -2.22049, -1.97792, 1.47298 )
shape = SubResource( 1 )

[node name="block-441-wall37" type="RigidBody" parent="Stage0/Stage 1/Walls"]
transform = Transform( -4.37114e-08, -1, -4.37114e-08, 0, -4.37114e-08, 1, -1, 4.37114e-08, 1.91069e-15, 64.6926, 5.66005, -9.32144 )
mode = 1
__meta__ = {
"_edit_group_": true
}

[node name="block-441" type="MeshInstance" parent="Stage0/Stage 1/Walls/block-441-wall37"]
transform = Transform( 3, 3.55271e-15, 9.26442e-23, -1.42109e-14, 0.7, -8.09604e-09, -5.0822e-21, 1.88908e-08, 0.3, 0, 1.19823, 0.0660892 )
mesh = ExtResource( 14 )
material/0 = null

[node name="CollisionShape" type="CollisionShape" parent="Stage0/Stage 1/Walls/block-441-wall37"]
transform = Transform( 3, 3.55271e-15, 9.26442e-23, -1.42109e-14, 0.7, -8.09604e-09, -5.0822e-21, 1.88908e-08, 0.3, 0, 1.19823, 0.0660892 )
shape = SubResource( 1 )

[node name="block-441-wall38" type="RigidBody" parent="Stage0/Stage 1/Walls"]
transform = Transform( -4.37114e-08, -1, 0, 1, -4.37114e-08, 0, 0, 0, 1, -4.475, 19.0198, -22.401 )
mode = 1
__meta__ = {
"_edit_group_": true
}

[node name="block-441" type="MeshInstance" parent="Stage0/Stage 1/Walls/block-441-wall38"]
transform = Transform( 3, -3.08308e-15, 0, -9.24925e-15, 2.6136, 7.05327e-08, 0, 7.05327e-08, 1, 0, 0, 0 )
mesh = ExtResource( 14 )
material/0 = null

[node name="CollisionShape" type="CollisionShape" parent="Stage0/Stage 1/Walls/block-441-wall38"]
transform = Transform( 3, -3.08308e-15, 0, -9.24925e-15, 2.6136, 7.05327e-08, 0, 7.05327e-08, 1, 0, 0, 0 )
shape = SubResource( 1 )

[node name="block-441-wall39" type="RigidBody" parent="Stage0/Stage 1/Walls"]
transform = Transform( -4.37114e-08, -1, 0, 1, -4.37114e-08, 0, 0, 0, 1, -25.3913, 19.0197, -22.4601 )
mode = 1
__meta__ = {
"_edit_group_": true
}

[node name="block-441" type="MeshInstance" parent="Stage0/Stage 1/Walls/block-441-wall39"]
transform = Transform( 3, -3.08308e-15, 0, -9.24925e-15, 2.6136, 7.05327e-08, 0, 7.05327e-08, 1, 0, 0, 0 )
mesh = ExtResource( 14 )
material/0 = null

[node name="CollisionShape" type="CollisionShape" parent="Stage0/Stage 1/Walls/block-441-wall39"]
transform = Transform( 3, -3.08308e-15, 0, -9.24925e-15, 2.6136, 7.05327e-08, 0, 7.05327e-08, 1, 0, 0, 0 )
shape = SubResource( 1 )

[node name="block-441-wall40" type="RigidBody" parent="Stage0/Stage 1/Walls"]
transform = Transform( -4.37114e-08, -1, 0, 1, -4.37114e-08, 0, 0, 0, 1, -46.3197, 19.0197, 3.47997 )
mode = 1
__meta__ = {
"_edit_group_": true
}

[node name="block-441" type="MeshInstance" parent="Stage0/Stage 1/Walls/block-441-wall40"]
transform = Transform( 3, -3.08308e-15, 0, -9.24925e-15, 2.6136, 7.05327e-08, 0, 7.05327e-08, 1, 0, 0, 0 )
mesh = ExtResource( 14 )
material/0 = null

[node name="CollisionShape" type="CollisionShape" parent="Stage0/Stage 1/Walls/block-441-wall40"]
transform = Transform( 3, -3.08308e-15, 0, -9.24925e-15, 2.6136, 7.05327e-08, 0, 7.05327e-08, 1, 0, 0, 0 )
shape = SubResource( 1 )

[node name="block-441-wall41" type="RigidBody" parent="Stage0/Stage 1/Walls"]
transform = Transform( -4.37114e-08, -1, 0, 1, -4.37114e-08, 0, 0, 0, 1, -4.4749, 19.0197, 3.47997 )
mode = 1
__meta__ = {
"_edit_group_": true
}

