[gd_scene load_steps=40 format=2]

[ext_resource path="res://modules/Interactive/Checkpoint/Checkpoint.tscn" type="PackedScene" id=1]
[ext_resource path="res://modules/Player/Player.tscn" type="PackedScene" id=2]
[ext_resource path="res://modules/Decorative/Posters/SomethingGoesHere/PosterSomethingGoesHere.tscn" type="PackedScene" id=3]
[ext_resource path="res://modules/Structures/block/block.obj" type="ArrayMesh" id=4]
[ext_resource path="res://share/audio/CG_Door_Close.wav" type="AudioStream" id=5]
[ext_resource path="res://share/audio/CG_Door_Open.wav" type="AudioStream" id=6]
[ext_resource path="res://modules/Structures/circuitBoard/med/circuit_board_med.tres" type="Material" id=7]
[ext_resource path="res://modules/Interactive/Checkpoint/flag_circuit_red.tres" type="Material" id=8]
[ext_resource path="res://share/scripts/open_door.gd" type="Script" id=9]
[ext_resource path="res://share/images/you_win.png" type="Texture" id=10]
[ext_resource path="res://modules/Structures/ramp/ramp.obj" type="ArrayMesh" id=11]
[ext_resource path="res://modules/Decorative/Posters/Movement/Movement.tscn" type="PackedScene" id=12]
[ext_resource path="res://modules/Powerlines/Pylons/static/PylonStatic.tscn" type="PackedScene" id=13]
[ext_resource path="res://modules/Structures/block/block.tscn" type="PackedScene" id=14]
[ext_resource path="res://modules/Structures/circuitBoard/low/CircuitBoardLow.tscn" type="PackedScene" id=15]
[ext_resource path="res://modules/Structures/wall/wall.obj" type="ArrayMesh" id=16]
[ext_resource path="res://modules/Powerlines/Pylons/input/PylonInput.tscn" type="PackedScene" id=17]
[ext_resource path="res://share/scripts/travel_station.gd" type="Script" id=18]
[ext_resource path="res://share/scripts/Puzzle.gd" type="Script" id=19]
[ext_resource path="res://modules/Structures/wall/Wall.tscn" type="PackedScene" id=20]
[ext_resource path="res://modules/Structures/block/platform.tscn" type="PackedScene" id=21]
[ext_resource path="res://modules/Interactive/ConnectionHome/ConnectionHome.tscn" type="PackedScene" id=22]
[ext_resource path="res://modules/Decorative/Posters/Jumping/Jumping.tscn" type="PackedScene" id=23]
[ext_resource path="res://modules/Structures/Tunnel/Tunnel.tscn" type="PackedScene" id=24]
[ext_resource path="res://modules/Decorative/Posters/ConnectingWires/ConnectingWires.tscn" type="PackedScene" id=25]
[ext_resource path="res://modules/Decorative/Posters/Sprinting/Sprinting.tscn" type="PackedScene" id=26]
[ext_resource path="res://modules/Decorative/Posters/Difiiculty/Difficulty_1.tscn" type="PackedScene" id=27]
[ext_resource path="res://modules/Decorative/Posters/Difiiculty/Difficulty_4.tscn" type="PackedScene" id=28]
[ext_resource path="res://share/scripts/next_level.gd" type="Script" id=29]
[ext_resource path="res://modules/NPCs/WaterBlob/WaterBlob.tscn" type="PackedScene" id=30]

[sub_resource type="ConcavePolygonShape" id=9]
data = PoolVector3Array( -4, 4, -1, 4, 4, -1, -4, 4, 1, -4, 4, 1, 4, 4, -1, 4, 4, 1, 4, 4, 1, 4, -4, 1, -4, 4, 1, -4, 4, 1, 4, -4, 1, -4, -4, 1, -4, 4, 1, -4, -4, 1, -4, 4, -1, -4, 4, -1, -4, -4, 1, -4, -4, -1, 4, -4, -1, -4, -4, -1, 4, -4, 1, 4, -4, 1, -4, -4, -1, -4, -4, 1, 4, 4, -1, 4, -4, -1, 4, 4, 1, 4, 4, 1, 4, -4, -1, 4, -4, 1, -4, 4, -1, -4, -4, -1, 4, 4, -1, 4, 4, -1, -4, -4, -1, 4, -4, -1 )

[sub_resource type="ConcavePolygonShape" id=1]
data = PoolVector3Array( -4, 4, -1, 4, 4, -1, -4, 4, 1, -4, 4, 1, 4, 4, -1, 4, 4, 1, 4, 4, 1, 4, -4, 1, -4, 4, 1, -4, 4, 1, 4, -4, 1, -4, -4, 1, -4, 4, 1, -4, -4, 1, -4, 4, -1, -4, 4, -1, -4, -4, 1, -4, -4, -1, 4, -4, -1, -4, -4, -1, 4, -4, 1, 4, -4, 1, -4, -4, -1, -4, -4, 1, 4, 4, -1, 4, -4, -1, 4, 4, 1, 4, 4, 1, 4, -4, -1, 4, -4, 1, -4, 4, -1, -4, -4, -1, 4, 4, -1, 4, 4, -1, -4, -4, -1, 4, -4, -1 )

[sub_resource type="ConcavePolygonShape" id=2]
data = PoolVector3Array( -4, 4, -1, 4, 4, -1, -4, 4, 1, -4, 4, 1, 4, 4, -1, 4, 4, 1, 4, 4, 1, 4, -4, 1, -4, 4, 1, -4, 4, 1, 4, -4, 1, -4, -4, 1, -4, 4, 1, -4, -4, 1, -4, 4, -1, -4, 4, -1, -4, -4, 1, -4, -4, -1, 4, -4, -1, -4, -4, -1, 4, -4, 1, 4, -4, 1, -4, -4, -1, -4, -4, 1, 4, 4, -1, 4, -4, -1, 4, 4, 1, 4, 4, 1, 4, -4, -1, 4, -4, 1, -4, 4, -1, -4, -4, -1, 4, 4, -1, 4, 4, -1, -4, -4, -1, 4, -4, -1 )

[sub_resource type="ConvexPolygonShape" id=3]
points = PoolVector3Array( 1, -1, 1, 1, 1, -1.00024, -1, -1, 1, 1, -1, -2.27423, -1, 1, -1.00024, 1, 1, -2.27423, -1, -1, -2.27423, -1, 1, -2.27423 )

[sub_resource type="ConcavePolygonShape" id=10]
data = PoolVector3Array( -4, 4, -1, 4, 4, -1, -4, 4, 1, -4, 4, 1, 4, 4, -1, 4, 4, 1, 4, 4, 1, 4, -4, 1, -4, 4, 1, -4, 4, 1, 4, -4, 1, -4, -4, 1, -4, 4, 1, -4, -4, 1, -4, 4, -1, -4, 4, -1, -4, -4, 1, -4, -4, -1, 4, -4, -1, -4, -4, -1, 4, -4, 1, 4, -4, 1, -4, -4, -1, -4, -4, 1, 4, 4, -1, 4, -4, -1, 4, 4, 1, 4, 4, 1, 4, -4, -1, 4, -4, 1, -4, 4, -1, -4, -4, -1, 4, 4, -1, 4, 4, -1, -4, -4, -1, 4, -4, -1 )

[sub_resource type="ConvexPolygonShape" id=8]
points = PoolVector3Array( 1, -1, 1, 1, 1, -1.00024, -1, -1, 1, 1, -1, -2.27423, -1, 1, -1.00024, 1, 1, -2.27423, -1, -1, -2.27423, -1, 1, -2.27423 )

[sub_resource type="ConvexPolygonShape" id=7]
points = PoolVector3Array( -0.068783, -6.38385, -11.7301, 0.0687695, -6.38385, -11.7301, -0.068783, -6.38385, 11.7301, -0.068783, 6.38385, -11.7301, 0.0687695, 6.38385, -11.7301, 0.0687695, -6.38385, 11.7301, -0.068783, 6.38385, 11.7301, 0.0687695, 6.38385, 11.7301 )

[sub_resource type="SpatialMaterial" id=11]
albedo_texture = ExtResource( 10 )

[sub_resource type="ConcavePolygonShape" id=12]
data = PoolVector3Array( -4, 4, -1, 4, 4, -1, -4, 4, 1, -4, 4, 1, 4, 4, -1, 4, 4, 1, 4, 4, 1, 4, -4, 1, -4, 4, 1, -4, 4, 1, 4, -4, 1, -4, -4, 1, -4, 4, 1, -4, -4, 1, -4, 4, -1, -4, 4, -1, -4, -4, 1, -4, -4, -1, 4, -4, -1, -4, -4, -1, 4, -4, 1, 4, -4, 1, -4, -4, -1, -4, -4, 1, 4, 4, -1, 4, -4, -1, 4, 4, 1, 4, 4, 1, 4, -4, -1, 4, -4, 1, -4, 4, -1, -4, -4, -1, 4, 4, -1, 4, 4, -1, -4, -4, -1, 4, -4, -1 )

[node name="Level" type="Spatial"]

[node name="Objects" type="Spatial" parent="."]

[node name="Checkpoint" parent="Objects" instance=ExtResource( 1 )]
transform = Transform( -4.37114e-08, 0, 1, 0, 1, 0, -1, 0, -4.37114e-08, -8.46344, -4, -10.2374 )

[node name="WaterBlob" parent="Objects" instance=ExtResource( 30 )]
transform = Transform( -0.994085, 0, 0.108607, 0, 1, 0, -0.108607, 0, -0.994085, -42.4335, -24.6938, -4.41298 )

[node name="WaterBlob2" parent="Objects" instance=ExtResource( 30 )]
transform = Transform( -0.994085, 0, 0.108607, 0, 1, 0, -0.108607, 0, -0.994085, -41.937, -91.792, -456.998 )

[node name="WaterBlob3" parent="Objects" instance=ExtResource( 30 )]
transform = Transform( -0.994085, 0, 0.108607, 0, 1, 0, -0.108607, 0, -0.994085, -4.1906, -3.00622, -1.41304 )

[node name="WaterBlob4" parent="Objects" instance=ExtResource( 30 )]
transform = Transform( -0.994085, 0, 0.108607, 0, 1, 0, -0.108607, 0, -0.994085, 49.9425, -73.5283, -446.106 )

[node name="WaterBlob5" parent="Objects" instance=ExtResource( 30 )]
transform = Transform( -0.994085, 0, 0.108607, 0, 1, 0, -0.108607, 0, -0.994085, 55.3854, -36.7628, -103.931 )

[node name="WaterBlob6" parent="Objects" instance=ExtResource( 30 )]
transform = Transform( -0.994085, 0, 0.108607, 0, 1, 0, -0.108607, 0, -0.994085, -7.80929, -108.893, -443.968 )

[node name="Player" parent="Objects" instance=ExtResource( 2 )]
transform = Transform( -4.37114e-08, 0, -1, 0, 1, 0, 1, 0, -4.37114e-08, -55.5347, -14.2665, -1.73093 )
starting_checkpoint = NodePath("../Checkpoint")

[node name="Stage0" type="Spatial" parent="Objects"]
transform = Transform( 1, 0, 0, 0, 1, 0, 0, 0, 1, -99.179, -10, 7.45 )

[node name="SpotLight" type="SpotLight" parent="Objects/Stage0"]
transform = Transform( 0.0721171, -0.965926, 0.248569, 0.269145, 0.258819, 0.927671, -0.960396, -1.75965e-15, 0.278639, 43.6418, 11.293, -0.472244 )
light_color = Color( 0.835294, 1, 0.796078, 1 )
light_energy = 10.0
spot_range = 25.0

[node name="SpotLight2" type="SpotLight" parent="Objects/Stage0"]
transform = Transform( 0.632282, 0.774519, -0.0184142, -0.247112, 0.224144, 0.942706, 0.734272, -0.591506, 0.333115, 43.6418, 11.293, -19.5627 )
light_color = Color( 0.835294, 1, 0.796078, 1 )
light_energy = 10.0
spot_range = 25.0

[node name="SpotLight3" type="SpotLight" parent="Objects/Stage0"]
transform = Transform( 0.278176, -0.915517, 0.290598, -0.247112, 0.224144, 0.942706, -0.928199, -0.334049, -0.163883, 22.2062, 11.293, -11.5924 )
light_color = Color( 0.796078, 1, 0.980392, 1 )
light_energy = 10.0
spot_range = 25.0

[node name="SpotLight5" type="SpotLight" parent="Objects/Stage0"]
transform = Transform( 0.520876, 0.851091, -0.0658234, -0.247112, 0.224144, 0.942706, 0.817083, -0.474767, 0.327066, 3.88383, 11.293, -0.0141912 )
light_color = Color( 0.796078, 1, 0.980392, 1 )
light_energy = 10.0
spot_range = 25.0

[node name="SpotLight6" type="SpotLight" parent="Objects/Stage0"]
transform = Transform( 0.520876, 0.851091, -0.0658234, -0.247112, 0.224144, 0.942706, 0.817083, -0.474767, 0.327066, -30.7218, 11.293, -0.0141912 )
light_color = Color( 1, 0.952941, 0.796078, 1 )
light_energy = 10.0
spot_range = 25.0

[node name="SpotLight7" type="SpotLight" parent="Objects/Stage0"]
transform = Transform( 0.520876, 0.851091, -0.0658234, -0.247112, 0.224144, 0.942706, 0.817083, -0.474767, 0.327066, -30.7218, 11.293, -10.9428 )
light_color = Color( 1, 0.952941, 0.796078, 1 )
light_energy = 10.0
spot_range = 25.0

[node name="SpotLight8" type="SpotLight" parent="Objects/Stage0"]
transform = Transform( -0.0425505, -0.97445, 0.220538, -0.247112, 0.224144, 0.942706, -0.968052, -0.0143848, -0.250336, -45.6967, 11.293, -5.60264 )
light_color = Color( 1, 0.952941, 0.796078, 1 )
light_energy = 10.0
spot_range = 25.0

[node name="SpotLight9" type="SpotLight" parent="Objects/Stage0"]
transform = Transform( 0.924054, -0.238311, 0.298885, -0.247112, 0.224144, 0.942706, -0.291651, -0.944969, 0.148231, -45.6967, 11.293, -16.6026 )
light_color = Color( 1, 0.952941, 0.796078, 1 )
light_energy = 10.0
spot_range = 25.0

[node name="SpotLight10" type="SpotLight" parent="Objects/Stage0"]
transform = Transform( 1, 0, 0, 0, -4.37114e-08, 1, 0, -1, -4.37114e-08, -30.7432, -7.69503, -11.0707 )
light_color = Color( 1, 0.952941, 0.796078, 1 )
light_energy = 2.0
spot_range = 60.684
spot_angle = 74.842

[node name="SpotLight11" type="SpotLight" parent="Objects/Stage0"]
transform = Transform( 1, 0, 0, 0, -4.37114e-08, 1, 0, -1, -4.37114e-08, -5.02229, -7.69503, -11.0707 )
light_color = Color( 1, 0.952941, 0.796078, 1 )
light_energy = 2.0
spot_range = 60.684
spot_angle = 74.842

[node name="SpotLight12" type="SpotLight" parent="Objects/Stage0"]
transform = Transform( 1, 0, 0, 0, -4.37114e-08, 1, 0, -1, -4.37114e-08, 9.86404, -7.69503, -4.04705 )
light_energy = 2.0
spot_range = 60.684
spot_angle = 74.842

[node name="SpotLight13" type="SpotLight" parent="Objects/Stage0"]
transform = Transform( 0.433013, 0.75, -0.5, 0.25, 0.433013, 0.866025, 0.866025, -0.5, -1.29048e-08, 37.0603, -7.69503, -8.5673 )
light_energy = 2.0
spot_range = 60.684
spot_angle = 74.842

[node name="SpotLight14" type="SpotLight" parent="Objects/Stage0"]
transform = Transform( 0.353553, 0.612373, 0.707107, -0.353553, -0.612372, 0.707107, 0.866025, -0.5, 6.66134e-16, 37.0603, -7.69503, -8.5673 )
light_energy = 2.0
spot_range = 60.684
spot_angle = 74.842

[node name="SpotLight15" type="SpotLight" parent="Objects/Stage0"]
transform = Transform( 0.658848, -0.0399062, -0.751217, 0.672865, 0.47782, 0.564748, 0.33641, -0.877551, 0.341662, 51.9267, -7.69503, -7.74551 )
light_color = Color( 1, 0.85098, 0.85098, 1 )
light_energy = 2.0
spot_range = 60.684
spot_angle = 40.9437

[node name="SpotLight16" type="SpotLight" parent="Objects/Stage0"]
transform = Transform( 0.0380848, 0.740028, -0.671497, 0.367881, 0.614406, 0.697975, 0.929093, -0.273613, -0.248843, 58.5822, -5.34576, -5.01251 )
light_color = Color( 1, 0.678431, 0.921569, 1 )
light_energy = 2.0
spot_range = 60.684
spot_angle = 40.9437

[node name="SpotLight17" type="SpotLight" parent="Objects/Stage0"]
transform = Transform( -0.512597, 0.521089, 0.68243, -0.160786, -0.838984, 0.519859, 0.843441, 0.156753, 0.513844, 59.562, -4.12138, -10.0912 )
light_color = Color( 0.862745, 0.678431, 1, 1 )
light_energy = 2.0
spot_range = 60.684
spot_angle = 40.9437

[node name="SpotLight18" type="SpotLight" parent="Objects/Stage0"]
transform = Transform( -0.348677, 0.887382, 0.301624, 0.64278, -0.00780406, 0.766011, 0.682098, 0.460968, -0.567671, 53.6245, 0.970187, -10.0912 )
light_color = Color( 0.694118, 0.678431, 1, 1 )
light_energy = 2.0
spot_range = 60.684
spot_angle = 40.9437

[node name="SpotLight19" type="SpotLight" parent="Objects/Stage0"]
transform = Transform( 0.568612, 0.674933, -0.470262, 0.64278, -0.00780406, 0.766011, 0.513336, -0.737838, -0.438271, 57.6245, 2.04342, -6.45703 )
light_color = Color( 0.678431, 0.92549, 1, 1 )
light_energy = 2.0
spot_range = 60.684
spot_angle = 40.9437

[node name="SpotLight20" type="SpotLight" parent="Objects/Stage0"]
transform = Transform( -0.0390863, -0.99898, 0.0226208, 0.64278, -0.00780407, 0.766011, -0.765053, 0.0444808, 0.642429, 54.6534, 7.21548, -7.95458 )
light_color = Color( 0.678431, 1, 0.745098, 1 )
light_energy = 2.0
spot_range = 60.684
spot_angle = 40.9437

[node name="SpotLight21" type="SpotLight" parent="Objects/Stage0"]
transform = Transform( 0.763014, -0.0824313, -0.641105, 0.64278, -0.00780405, 0.766011, -0.0681465, -0.996566, 0.0470306, 57.4471, 13.3093, -11.4904 )
light_color = Color( 0.984314, 1, 0.678431, 1 )
light_energy = 2.0
spot_range = 94.063
spot_angle = 54.8585

[node name="SpotLight22" type="SpotLight" parent="Objects/Stage0"]
transform = Transform( 0.763014, -0.0824313, -0.641105, 0.64278, -0.00780405, 0.766011, -0.0681465, -0.996566, 0.0470306, 72.8733, 13.3093, -11.4904 )
light_color = Color( 1, 0.8, 0.678431, 1 )
light_energy = 2.0
spot_range = 94.063
spot_angle = 54.8585

[node name="SpotLight4" type="SpotLight" parent="Objects/Stage0"]
transform = Transform( 0.278176, -0.915517, 0.290598, -0.247112, 0.224144, 0.942706, -0.928199, -0.334049, -0.163883, 30.8564, 11.293, -19.9072 )
light_color = Color( 0.796078, 1, 0.980392, 1 )
light_energy = 10.0
spot_range = 25.0

[node name="Checkpoint" parent="Objects/Stage0" instance=ExtResource( 1 )]
transform = Transform( 0.0205759, 0, 0.999788, 0, 1, 0, -0.999788, 0, 0.0205759, 43.6418, -5, -9.14617 )

[node name="Checkpoint2" parent="Objects/Stage0" instance=ExtResource( 1 )]
transform = Transform( 0.0205759, 0, 0.999788, 0, 1, 0, -0.999788, 0, 0.0205759, -22.5685, -14.928, -8.88945 )

[node name="Checkpoint3" parent="Objects/Stage0" instance=ExtResource( 1 )]
transform = Transform( 0.0205759, 0, 0.999788, 0, 1, 0, -0.999788, 0, 0.0205759, 9.84658, -14.928, -4.05431 )

[node name="DirectionalLight" type="DirectionalLight" parent="Objects/Stage0"]
transform = Transform( 1, 0, 0, 0, -0.160467, 0.987041, 0, -0.987041, -0.160467, 0, 30.9096, 8.28221 )
visible = false
light_color = Color( 0.223529, 0.27451, 0.309804, 1 )

[node name="DevLights" type="Spatial" parent="Objects/Stage0"]
visible = false

[node name="DirectionalLight2" type="DirectionalLight" parent="Objects/Stage0/DevLights"]
transform = Transform( 0.853553, -0.146447, 0.5, 0.5, 0.5, -0.707107, -0.146447, 0.853553, 0.5, 0, 30.9096, 8.28221 )
visible = false
light_color = Color( 0.686275, 0.839216, 0.941176, 1 )

[node name="DirectionalLight3" type="DirectionalLight" parent="Objects/Stage0/DevLights"]
transform = Transform( 0.146447, 0.853553, -0.5, -0.5, 0.5, 0.707107, 0.853553, 0.146447, 0.5, 0, 30.9096, 8.28221 )
visible = false
light_color = Color( 0.686275, 0.839216, 0.941176, 1 )

[node name="DirectionalLight4" type="DirectionalLight" parent="Objects/Stage0/DevLights"]
transform = Transform( 1, 0, 0, 0, 0.19983, 0.979831, 0, -0.979831, 0.19983, 0, 30.9096, 8.28221 )
light_color = Color( 0.223529, 0.27451, 0.309804, 1 )
editor_only = true

[node name="DirectionalLight5" type="DirectionalLight" parent="Objects/Stage0/DevLights"]
transform = Transform( 0.863431, -0.100808, -0.494292, 0.504467, 0.172539, 0.846016, 0, -0.979831, 0.19983, 0, 30.1937, 8.3655 )
light_color = Color( 0.223529, 0.27451, 0.309804, 1 )
editor_only = true

[node name="DirectionalLight6" type="DirectionalLight" parent="Objects/Stage0/DevLights"]
transform = Transform( 0.0252698, 0.199766, 0.979518, -0.999681, 0.00504966, 0.0247601, 0, -0.979831, 0.19983, 0, 30.1936, 8.3655 )
light_color = Color( 0.223529, 0.27451, 0.309804, 1 )
editor_only = true

[node name="Stage 1" type="Spatial" parent="Objects/Stage0"]

[node name="PylonStatic" parent="Objects/Stage0/Stage 1" instance=ExtResource( 13 )]
transform = Transform( -2.18557e-08, 0.5, 0, -0.5, -2.18557e-08, 0, 0, 0, 0.5, -18.7419, -2.91065, -11.0717 )
is_source = true
input_color = Color( 0.784314, 0.572549, 0.945098, 1 )
output_color = Color( 0.784314, 0.572549, 0.945098, 1 )

[node name="Walls" type="Spatial" parent="Objects/Stage0/Stage 1"]

[node name="block-441-wall4" type="RigidBody" parent="Objects/Stage0/Stage 1/Walls"]
transform = Transform( 1.91069e-15, -1, -4.37114e-08, -4.37114e-08, -4.37114e-08, 1, -1, 0, -4.37114e-08, -4.4749, -6.09315, -9.49826 )
mode = 1
__meta__ = {
"_edit_group_": true
}

[node name="block-441" type="MeshInstance" parent="Objects/Stage0/Stage 1/Walls/block-441-wall4"]
transform = Transform( 3, -3.08308e-15, 0, -9.24925e-15, 2.6136, 7.05327e-08, 0, 7.05327e-08, 1, 0, 0, 0 )
mesh = ExtResource( 4 )
material/0 = null

[node name="CollisionShape" type="CollisionShape" parent="Objects/Stage0/Stage 1/Walls/block-441-wall4"]
transform = Transform( 3, -3.08308e-15, 0, -9.24925e-15, 2.6136, 7.05327e-08, 0, 7.05327e-08, 1, 0, 0, 0 )
shape = SubResource( 9 )

[node name="block-441-wall5" type="RigidBody" parent="Objects/Stage0/Stage 1/Walls"]
transform = Transform( -4.37114e-08, -1, 0, 1, -4.37114e-08, 0, 0, 0, 1, -4.475, -4.801, -22.401 )
mode = 1
__meta__ = {
"_edit_group_": true
}

[node name="block-441" type="MeshInstance" parent="Objects/Stage0/Stage 1/Walls/block-441-wall5"]
transform = Transform( 3, -3.08308e-15, 0, -9.24925e-15, 2.6136, 7.05327e-08, 0, 7.05327e-08, 1, 0, 0, 0 )
mesh = ExtResource( 4 )
material/0 = null

[node name="CollisionShape" type="CollisionShape" parent="Objects/Stage0/Stage 1/Walls/block-441-wall5"]
transform = Transform( 3, -3.08308e-15, 0, -9.24925e-15, 2.6136, 7.05327e-08, 0, 7.05327e-08, 1, 0, 0, 0 )
shape = SubResource( 9 )

[node name="block-441-wall6" type="RigidBody" parent="Objects/Stage0/Stage 1/Walls"]
transform = Transform( -4.37114e-08, 0, -1, 0, 1, 0, 1, 0, -4.37114e-08, 46.6772, 5.36774, -9.38281 )
mode = 1
__meta__ = {
"_edit_group_": true
}

[node name="block-441" type="MeshInstance" parent="Objects/Stage0/Stage 1/Walls/block-441-wall6"]
transform = Transform( 3, -3.08308e-15, 0, -9.24925e-15, 2.6136, 7.05327e-08, 0, 7.05327e-08, 1, 0, 0, 0 )
mesh = ExtResource( 4 )
material/0 = null

[node name="CollisionShape" type="CollisionShape" parent="Objects/Stage0/Stage 1/Walls/block-441-wall6"]
transform = Transform( 3, -3.08308e-15, 0, -9.24925e-15, 2.6136, 7.05327e-08, 0, 7.05327e-08, 1, 0, 0, 0 )
shape = SubResource( 9 )

[node name="block-441-wall7" type="RigidBody" parent="Objects/Stage0/Stage 1/Walls"]
transform = Transform( -4.37114e-08, -1, 0, 1, -4.37114e-08, 0, 0, 0, 1, -4.4749, -4.80109, 3.47997 )
mode = 1
__meta__ = {
"_edit_group_": true
}

[node name="block-441" type="MeshInstance" parent="Objects/Stage0/Stage 1/Walls/block-441-wall7"]
transform = Transform( 3, -3.08308e-15, 0, -9.24925e-15, 2.6136, 7.05327e-08, 0, 7.05327e-08, 1, 0, 0, 0 )
mesh = ExtResource( 4 )
material/0 = null

[node name="CollisionShape" type="CollisionShape" parent="Objects/Stage0/Stage 1/Walls/block-441-wall7"]
transform = Transform( 3, -3.08308e-15, 0, -9.24925e-15, 2.6136, 7.05327e-08, 0, 7.05327e-08, 1, 0, 0, 0 )
shape = SubResource( 9 )

[node name="block-441-wall8" type="RigidBody" parent="Objects/Stage0/Stage 1/Walls"]
transform = Transform( 1.91069e-15, -1, -4.37114e-08, -4.37114e-08, -4.37114e-08, 1, -1, 0, -4.37114e-08, -25.3606, -6.09315, -9.49826 )
mode = 1
__meta__ = {
"_edit_group_": true
}

[node name="block-441" type="MeshInstance" parent="Objects/Stage0/Stage 1/Walls/block-441-wall8"]
transform = Transform( 3, -3.08308e-15, 0, -9.24925e-15, 2.6136, 7.05327e-08, 0, 7.05327e-08, 1, 0, 0, 0 )
mesh = ExtResource( 4 )
material/0 = null

[node name="CollisionShape" type="CollisionShape" parent="Objects/Stage0/Stage 1/Walls/block-441-wall8"]
transform = Transform( 3, -3.08308e-15, 0, -9.24925e-15, 2.6136, 7.05327e-08, 0, 7.05327e-08, 1, 0, 0, 0 )
shape = SubResource( 9 )

[node name="block-441-wall9" type="RigidBody" parent="Objects/Stage0/Stage 1/Walls"]
transform = Transform( -2.79918e-08, -0.76806, 0.640378, -3.3573e-08, 0.640378, 0.76806, -1, 0, -4.37114e-08, -43.9963, -9.29838, -9.49826 )
mode = 1
__meta__ = {
"_edit_group_": true
}

[node name="block-441" type="MeshInstance" parent="Objects/Stage0/Stage 1/Walls/block-441-wall9"]
transform = Transform( 3, -3.08308e-15, 0, -9.24925e-15, 2.6136, 7.05327e-08, 0, 7.05327e-08, 1, 0, 0, 0 )
mesh = ExtResource( 4 )
material/0 = null

[node name="CollisionShape" type="CollisionShape" parent="Objects/Stage0/Stage 1/Walls/block-441-wall9"]
transform = Transform( 3, -3.08308e-15, 0, -9.24925e-15, 2.6136, 7.05327e-08, 0, 7.05327e-08, 1, 0, 0, 0 )
shape = SubResource( 9 )

[node name="block-441-wall10" type="RigidBody" parent="Objects/Stage0/Stage 1/Walls"]
transform = Transform( 1.91069e-15, -1, -4.37114e-08, -4.37114e-08, -4.37114e-08, 1, -1, 0, -4.37114e-08, -25.3606, -15.8885, -9.49826 )
mode = 1
__meta__ = {
"_edit_group_": true
}

[node name="block-441" type="MeshInstance" parent="Objects/Stage0/Stage 1/Walls/block-441-wall10"]
transform = Transform( 3, -3.08308e-15, 0, -9.24925e-15, 2.6136, 7.05327e-08, 0, 7.05327e-08, 1, 0, 0, 0 )
mesh = ExtResource( 4 )
material/0 = null

[node name="CollisionShape" type="CollisionShape" parent="Objects/Stage0/Stage 1/Walls/block-441-wall10"]
transform = Transform( 3, -3.08308e-15, 0, -9.24925e-15, 2.6136, 7.05327e-08, 0, 7.05327e-08, 1, 0, 0, 0 )
shape = SubResource( 9 )

[node name="block-441-wall11" type="RigidBody" parent="Objects/Stage0/Stage 1/Walls"]
transform = Transform( -4.37114e-08, -1, 0, 1, -4.37114e-08, 0, 0, 0, 1, -25.3913, -4.80109, -22.4601 )
mode = 1
__meta__ = {
"_edit_group_": true
}

[node name="block-441" type="MeshInstance" parent="Objects/Stage0/Stage 1/Walls/block-441-wall11"]
transform = Transform( 3, -3.08308e-15, 0, -9.24925e-15, 2.6136, 7.05327e-08, 0, 7.05327e-08, 1, 0, 0, 0 )
mesh = ExtResource( 4 )
material/0 = null

[node name="CollisionShape" type="CollisionShape" parent="Objects/Stage0/Stage 1/Walls/block-441-wall11"]
transform = Transform( 3, -3.08308e-15, 0, -9.24925e-15, 2.6136, 7.05327e-08, 0, 7.05327e-08, 1, 0, 0, 0 )
shape = SubResource( 9 )

[node name="block-441-wall12" type="RigidBody" parent="Objects/Stage0/Stage 1/Walls"]
transform = Transform( -4.37114e-08, -1, 0, 1, -4.37114e-08, 0, 0, 0, 1, -46.3197, -4.80109, 3.47997 )
mode = 1
__meta__ = {
"_edit_group_": true
}

[node name="block-441" type="MeshInstance" parent="Objects/Stage0/Stage 1/Walls/block-441-wall12"]
transform = Transform( 3, -3.08308e-15, 0, -9.24925e-15, 2.6136, 7.05327e-08, 0, 7.05327e-08, 1, 0, 0, 0 )
mesh = ExtResource( 4 )
material/0 = null

[node name="CollisionShape" type="CollisionShape" parent="Objects/Stage0/Stage 1/Walls/block-441-wall12"]
transform = Transform( 3, -3.08308e-15, 0, -9.24925e-15, 2.6136, 7.05327e-08, 0, 7.05327e-08, 1, 0, 0, 0 )
shape = SubResource( 9 )

[node name="block-441-wall14" type="RigidBody" parent="Objects/Stage0/Stage 1/Walls"]
transform = Transform( -4.37114e-08, -1, 0, 1, -4.37114e-08, 0, 0, 0, 1, -46.1112, -4.801, -22.401 )
mode = 1
__meta__ = {
"_edit_group_": true
}

[node name="block-441" type="MeshInstance" parent="Objects/Stage0/Stage 1/Walls/block-441-wall14"]
transform = Transform( 3, -3.08308e-15, 0, -9.24925e-15, 2.6136, 7.05327e-08, 0, 7.05327e-08, 1, 0, 0, 0 )
mesh = ExtResource( 4 )
material/0 = null

[node name="CollisionShape" type="CollisionShape" parent="Objects/Stage0/Stage 1/Walls/block-441-wall14"]
transform = Transform( 3, -3.08308e-15, 0, -9.24925e-15, 2.6136, 7.05327e-08, 0, 7.05327e-08, 1, 0, 0, 0 )
shape = SubResource( 9 )

[node name="block-441-wall15" type="RigidBody" parent="Objects/Stage0/Stage 1/Walls"]
transform = Transform( -4.37114e-08, 0, -1, 0, 1, 0, 1, 0, -4.37114e-08, -52.4389, 6.36918, -9.38281 )
mode = 1
__meta__ = {
"_edit_group_": true
}

[node name="block-441" type="MeshInstance" parent="Objects/Stage0/Stage 1/Walls/block-441-wall15"]
transform = Transform( 3, -3.08308e-15, 0, -9.24925e-15, 2.6136, 7.05327e-08, 0, 7.05327e-08, 1, 0, 0, 0 )
mesh = ExtResource( 4 )
material/0 = null

[node name="CollisionShape" type="CollisionShape" parent="Objects/Stage0/Stage 1/Walls/block-441-wall15"]
transform = Transform( 3, -3.08308e-15, 0, -9.24925e-15, 2.6136, 7.05327e-08, 0, 7.05327e-08, 1, 0, 0, 0 )
shape = SubResource( 9 )

[node name="block-441-wall16" type="RigidBody" parent="Objects/Stage0/Stage 1/Walls"]
transform = Transform( -4.37114e-08, 0, -1, 0, 1, 0, 1, 0, -4.37114e-08, -19.5842, -4.87655, -17.2906 )
mode = 1
__meta__ = {
"_edit_group_": true
}

[node name="block-441" type="MeshInstance" parent="Objects/Stage0/Stage 1/Walls/block-441-wall16"]
transform = Transform( 3, -3.08308e-15, 0, -9.24925e-15, 2.6136, 7.05327e-08, 0, 7.05327e-08, 1, 0, 0, 0 )
mesh = ExtResource( 4 )
material/0 = null

[node name="CollisionShape" type="CollisionShape" parent="Objects/Stage0/Stage 1/Walls/block-441-wall16"]
transform = Transform( 3, -3.08308e-15, 0, -9.24925e-15, 2.6136, 7.05327e-08, 0, 7.05327e-08, 1, 0, 0, 0 )
shape = SubResource( 9 )

[node name="block-441-wall17" type="RigidBody" parent="Objects/Stage0/Stage 1/Walls"]
transform = Transform( 1.91069e-15, -1, -4.37114e-08, -4.37114e-08, -4.37114e-08, 1, -1, 0, -4.37114e-08, 16.3719, -6.09315, -9.49826 )
mode = 1
__meta__ = {
"_edit_group_": true
}

[node name="block-441" type="MeshInstance" parent="Objects/Stage0/Stage 1/Walls/block-441-wall17"]
transform = Transform( 3, -3.08308e-15, 0, -9.24925e-15, 2.6136, 7.05327e-08, 0, 7.05327e-08, 1, 0, 0, 0 )
mesh = ExtResource( 4 )
material/0 = null

[node name="CollisionShape" type="CollisionShape" parent="Objects/Stage0/Stage 1/Walls/block-441-wall17"]
transform = Transform( 3, -3.08308e-15, 0, -9.24925e-15, 2.6136, 7.05327e-08, 0, 7.05327e-08, 1, 0, 0, 0 )
shape = SubResource( 9 )

[node name="block-441-wall18" type="RigidBody" parent="Objects/Stage0/Stage 1/Walls"]
transform = Transform( 1.91069e-15, -1, -4.37114e-08, -4.37114e-08, -4.37114e-08, 1, -1, 0, -4.37114e-08, 37.2003, -6.09315, -9.49826 )
mode = 1
__meta__ = {
"_edit_group_": true
}

[node name="block-441" type="MeshInstance" parent="Objects/Stage0/Stage 1/Walls/block-441-wall18"]
transform = Transform( 3, 8.05795e-15, -8.32026e-23, -9.24925e-15, 2.6136, -2.69868e-08, 0, 7.05327e-08, 1, 0, 0, 0 )
mesh = ExtResource( 4 )
material/0 = null

[node name="CollisionShape" type="CollisionShape" parent="Objects/Stage0/Stage 1/Walls/block-441-wall18"]
transform = Transform( 3, 8.05795e-15, -8.32026e-23, -9.24925e-15, 2.6136, -2.69868e-08, 0, 7.05327e-08, 1, 0, 0, 0 )
shape = SubResource( 9 )

[node name="block-441-wall20" type="RigidBody" parent="Objects/Stage0/Stage 1/Walls"]
transform = Transform( -4.37114e-08, -1, 0, 1, -4.37114e-08, 0, 0, 0, 1, 37.1673, -4.80109, -22.4601 )
mode = 1
__meta__ = {
"_edit_group_": true
}

[node name="block-441" type="MeshInstance" parent="Objects/Stage0/Stage 1/Walls/block-441-wall20"]
transform = Transform( 3, -3.08308e-15, 0, -9.24925e-15, 2.6136, 7.05327e-08, 0, 7.05327e-08, 1, 0, 0, 0 )
mesh = ExtResource( 4 )
material/0 = null

[node name="CollisionShape" type="CollisionShape" parent="Objects/Stage0/Stage 1/Walls/block-441-wall20"]
transform = Transform( 3, -3.08308e-15, 0, -9.24925e-15, 2.6136, 7.05327e-08, 0, 7.05327e-08, 1, 0, 0, 0 )
shape = SubResource( 9 )

[node name="block-441-wall21" type="RigidBody" parent="Objects/Stage0/Stage 1/Walls"]
transform = Transform( -4.37114e-08, -1, 0, 1, -4.37114e-08, 0, 0, 0, 1, 16.4474, -4.801, -22.401 )
mode = 1
__meta__ = {
"_edit_group_": true
}

[node name="block-441" type="MeshInstance" parent="Objects/Stage0/Stage 1/Walls/block-441-wall21"]
transform = Transform( 3, -3.08308e-15, 0, -9.24925e-15, 2.6136, 7.05327e-08, 0, 7.05327e-08, 1, 0, 0, 0 )
mesh = ExtResource( 4 )
material/0 = null

[node name="CollisionShape" type="CollisionShape" parent="Objects/Stage0/Stage 1/Walls/block-441-wall21"]
transform = Transform( 3, -3.08308e-15, 0, -9.24925e-15, 2.6136, 7.05327e-08, 0, 7.05327e-08, 1, 0, 0, 0 )
shape = SubResource( 9 )

[node name="block-441-wall19" type="RigidBody" parent="Objects/Stage0/Stage 1/Walls"]
transform = Transform( -4.37114e-08, -1, 0, 1, -4.37114e-08, 0, 0, 0, 1, 37.4142, -4.80109, 3.47997 )
mode = 1
__meta__ = {
"_edit_group_": true
}

[node name="block-441" type="MeshInstance" parent="Objects/Stage0/Stage 1/Walls/block-441-wall19"]
transform = Transform( 3, -3.08308e-15, 0, -9.24925e-15, 2.6136, 7.05327e-08, 0, 7.05327e-08, 1, 0, 0, 0 )
mesh = ExtResource( 4 )
material/0 = null

[node name="CollisionShape" type="CollisionShape" parent="Objects/Stage0/Stage 1/Walls/block-441-wall19"]
transform = Transform( 3, -3.08308e-15, 0, -9.24925e-15, 2.6136, 7.05327e-08, 0, 7.05327e-08, 1, 0, 0, 0 )
shape = SubResource( 9 )

[node name="block-441-wall22" type="RigidBody" parent="Objects/Stage0/Stage 1/Walls"]
transform = Transform( -4.37114e-08, -1, 0, 1, -4.37114e-08, 0, 0, 0, 1, 16.4795, -4.80109, 3.47997 )
mode = 1
__meta__ = {
"_edit_group_": true
}

[node name="block-441" type="MeshInstance" parent="Objects/Stage0/Stage 1/Walls/block-441-wall22"]
transform = Transform( 3, -3.08308e-15, 0, -9.24925e-15, 2.6136, 7.05327e-08, 0, 7.05327e-08, 1, 0, 0, 0 )
mesh = ExtResource( 4 )
material/0 = null

[node name="CollisionShape" type="CollisionShape" parent="Objects/Stage0/Stage 1/Walls/block-441-wall22"]
transform = Transform( 3, -3.08308e-15, 0, -9.24925e-15, 2.6136, 7.05327e-08, 0, 7.05327e-08, 1, 0, 0, 0 )
shape = SubResource( 9 )

[node name="block-441-wall23" type="RigidBody" parent="Objects/Stage0/Stage 1/Walls"]
transform = Transform( 1.91069e-15, -1, -4.37114e-08, -4.37114e-08, -4.37114e-08, 1, -1, 0, -4.37114e-08, 16.9898, -15.8885, -9.49826 )
mode = 1
__meta__ = {
"_edit_group_": true
}

[node name="block-441" type="MeshInstance" parent="Objects/Stage0/Stage 1/Walls/block-441-wall23"]
transform = Transform( 3, -3.08308e-15, 0, -9.24925e-15, 2.6136, 7.05327e-08, 0, 7.05327e-08, 1, 0, 0, 0 )
mesh = ExtResource( 4 )
material/0 = null

[node name="CollisionShape" type="CollisionShape" parent="Objects/Stage0/Stage 1/Walls/block-441-wall23"]
transform = Transform( 3, -3.08308e-15, 0, -9.24925e-15, 2.6136, 7.05327e-08, 0, 7.05327e-08, 1, 0, 0, 0 )
shape = SubResource( 9 )

[node name="block-441-wall24" type="RigidBody" parent="Objects/Stage0/Stage 1/Walls"]
transform = Transform( 1.91069e-15, -1, -4.37114e-08, -4.37114e-08, -4.37114e-08, 1, -1, 0, -4.37114e-08, 37.174, -15.889, -9.498 )
mode = 1
__meta__ = {
"_edit_group_": true
}

[node name="block-441" type="MeshInstance" parent="Objects/Stage0/Stage 1/Walls/block-441-wall24"]
transform = Transform( 3, -3.08308e-15, 0, -9.24925e-15, 2.6136, 7.05327e-08, 0, 7.05327e-08, 1, 0, 0, 0 )
mesh = ExtResource( 4 )
material/0 = null

[node name="CollisionShape" type="CollisionShape" parent="Objects/Stage0/Stage 1/Walls/block-441-wall24"]
transform = Transform( 3, -3.08308e-15, 0, -9.24925e-15, 2.6136, 7.05327e-08, 0, 7.05327e-08, 1, 0, 0, 0 )
shape = SubResource( 9 )

[node name="block-441-wall25" type="RigidBody" parent="Objects/Stage0/Stage 1/Walls"]
transform = Transform( -4.37114e-08, 0, -1, 0, 1, 0, 1, 0, -4.37114e-08, 26.6972, -4.49384, -1.76353 )
mode = 1
__meta__ = {
"_edit_group_": true
}

[node name="block-441" type="MeshInstance" parent="Objects/Stage0/Stage 1/Walls/block-441-wall25"]
transform = Transform( 3, -3.08308e-15, 0, -9.24925e-15, 2.6136, 7.05327e-08, 0, 7.05327e-08, 1, 0, 0, 0 )
mesh = ExtResource( 4 )
material/0 = null

[node name="CollisionShape" type="CollisionShape" parent="Objects/Stage0/Stage 1/Walls/block-441-wall25"]
transform = Transform( 3, -3.08308e-15, 0, -9.24925e-15, 2.6136, 7.05327e-08, 0, 7.05327e-08, 1, 0, 0, 0 )
shape = SubResource( 9 )

[node name="block-441-wall26" type="RigidBody" parent="Objects/Stage0/Stage 1/Walls"]
transform = Transform( -4.37114e-08, 0, -1, 0, 1, 0, 1, 0, -4.37114e-08, 5.89489, -4.50116, -16.7998 )
mode = 1
__meta__ = {
"_edit_group_": true
}

[node name="block-441" type="MeshInstance" parent="Objects/Stage0/Stage 1/Walls/block-441-wall26"]
transform = Transform( 3, -3.08308e-15, 0, -9.24925e-15, 2.6136, 7.05327e-08, 0, 7.05327e-08, 1, 0, 0, 0 )
mesh = ExtResource( 4 )
material/0 = null

[node name="CollisionShape" type="CollisionShape" parent="Objects/Stage0/Stage 1/Walls/block-441-wall26"]
transform = Transform( 3, -3.08308e-15, 0, -9.24925e-15, 2.6136, 7.05327e-08, 0, 7.05327e-08, 1, 0, 0, 0 )
shape = SubResource( 9 )

[node name="block-441-wall27" type="RigidBody" parent="Objects/Stage0/Stage 1/Walls"]
transform = Transform( 1, 0, 0, 0, -4.37114e-08, 1, 0, -1, -4.37114e-08, 16.33, -4.01136, -9.53264 )
mode = 1
__meta__ = {
"_edit_group_": true
}

[node name="block-441" type="MeshInstance" parent="Objects/Stage0/Stage 1/Walls/block-441-wall27"]
transform = Transform( -1.62921e-07, 2.4, 5.82705e-09, -1, -3.9101e-07, -4.37114e-08, -4.37114e-08, -1.39849e-08, 1, 0, 0.231992, -0.1 )
mesh = ExtResource( 4 )
material/0 = null

[node name="CollisionShape" type="CollisionShape" parent="Objects/Stage0/Stage 1/Walls/block-441-wall27"]
transform = Transform( -1.62921e-07, 2.4, 5.82705e-09, -1, -3.9101e-07, -4.37114e-08, -4.37114e-08, -1.39849e-08, 1, 0, 0.231992, -0.1 )
shape = SubResource( 9 )

[node name="block-441-wall28" type="RigidBody" parent="Objects/Stage0/Stage 1/Walls"]
transform = Transform( -4.37114e-08, -1, -4.37114e-08, 0, -4.37114e-08, 1, -1, 4.37114e-08, 1.91069e-15, 62.481, -13.9121, -16.2275 )
mode = 1
__meta__ = {
"_edit_group_": true
}

[node name="block-441" type="MeshInstance" parent="Objects/Stage0/Stage 1/Walls/block-441-wall28"]
transform = Transform( 1, 3.55271e-15, -5.29396e-23, -3.55271e-15, 1, -2.69868e-08, 0, 2.69868e-08, 1, -3.53532, 0, 0 )
mesh = ExtResource( 4 )
material/0 = null

[node name="CollisionShape" type="CollisionShape" parent="Objects/Stage0/Stage 1/Walls/block-441-wall28"]
transform = Transform( 1, 3.55271e-15, -5.29396e-23, -3.55271e-15, 1, -2.69868e-08, 0, 2.69868e-08, 1, -3.53532, 0, 0 )
shape = SubResource( 9 )

[node name="block-441-wall29" type="RigidBody" parent="Objects/Stage0/Stage 1/Walls"]
transform = Transform( -4.37114e-08, -1, 0, 1, -4.37114e-08, 0, 0, 0, 1, 57.7093, -4.80109, -22.4601 )
mode = 1
__meta__ = {
"_edit_group_": true
}

[node name="block-441" type="MeshInstance" parent="Objects/Stage0/Stage 1/Walls/block-441-wall29"]
transform = Transform( 3, -3.08308e-15, 0, -9.24925e-15, 2.6136, 7.05327e-08, 0, 7.05327e-08, 1, 0, 0, 0 )
mesh = ExtResource( 4 )
material/0 = null

[node name="CollisionShape" type="CollisionShape" parent="Objects/Stage0/Stage 1/Walls/block-441-wall29"]
transform = Transform( 3, -3.08308e-15, 0, -9.24925e-15, 2.6136, 7.05327e-08, 0, 7.05327e-08, 1, 0, 0, 0 )
shape = SubResource( 9 )

[node name="block-441-wall30" type="RigidBody" parent="Objects/Stage0/Stage 1/Walls"]
transform = Transform( -4.37114e-08, -1, 0, 1, -4.37114e-08, 0, 0, 0, 1, 57.9562, -4.80109, 3.47997 )
mode = 1
__meta__ = {
"_edit_group_": true
}

[node name="block-441" type="MeshInstance" parent="Objects/Stage0/Stage 1/Walls/block-441-wall30"]
transform = Transform( 3, -3.08308e-15, 0, -9.24925e-15, 2.6136, 7.05327e-08, 0, 7.05327e-08, 1, 0, 0, 0 )
mesh = ExtResource( 4 )
material/0 = null

[node name="CollisionShape" type="CollisionShape" parent="Objects/Stage0/Stage 1/Walls/block-441-wall30"]
transform = Transform( 3, -3.08308e-15, 0, -9.24925e-15, 2.6136, 7.05327e-08, 0, 7.05327e-08, 1, 0, 0, 0 )
shape = SubResource( 9 )

[node name="block-441-wall31" type="RigidBody" parent="Objects/Stage0/Stage 1/Walls"]
transform = Transform( 1.91069e-15, -1, -4.37114e-08, -4.37114e-08, -4.37114e-08, 1, -1, 0, -4.37114e-08, 57.716, -15.889, -9.498 )
mode = 1
__meta__ = {
"_edit_group_": true
}

[node name="block-441" type="MeshInstance" parent="Objects/Stage0/Stage 1/Walls/block-441-wall31"]
transform = Transform( 3, -3.08308e-15, 0, -9.24925e-15, 2.6136, 7.05327e-08, 0, 7.05327e-08, 1, 0, 0, 0 )
mesh = ExtResource( 4 )
material/0 = null

[node name="CollisionShape" type="CollisionShape" parent="Objects/Stage0/Stage 1/Walls/block-441-wall31"]
transform = Transform( 3, -3.08308e-15, 0, -9.24925e-15, 2.6136, 7.05327e-08, 0, 7.05327e-08, 1, 0, 0, 0 )
shape = SubResource( 9 )

[node name="block-441-wall32" type="RigidBody" parent="Objects/Stage0/Stage 1/Walls"]
transform = Transform( -4.37114e-08, -1, -4.37114e-08, 0, -4.37114e-08, 1, -1, 4.37114e-08, 1.91069e-15, 62.481, -13.0258, -2.8258 )
mode = 1
__meta__ = {
"_edit_group_": true
}

[node name="block-441" type="MeshInstance" parent="Objects/Stage0/Stage 1/Walls/block-441-wall32"]
transform = Transform( 1, 3.55271e-15, -5.29396e-23, -3.55271e-15, 1, -2.69868e-08, 0, 2.69868e-08, 1, 0, 0, 1.22056 )
mesh = ExtResource( 4 )
material/0 = null

[node name="CollisionShape" type="CollisionShape" parent="Objects/Stage0/Stage 1/Walls/block-441-wall32"]
transform = Transform( 1, 3.55271e-15, -5.29396e-23, -3.55271e-15, 1, -2.69868e-08, 0, 2.69868e-08, 1, 0, 0, 1.22056 )
shape = SubResource( 9 )

[node name="block-441-wall33" type="RigidBody" parent="Objects/Stage0/Stage 1/Walls"]
transform = Transform( -4.37114e-08, -1, -4.37114e-08, 0, -4.37114e-08, 1, -1, 4.37114e-08, 1.91069e-15, 53.4105, -8.79683, -14.9119 )
mode = 1
__meta__ = {
"_edit_group_": true
}

[node name="block-441" type="MeshInstance" parent="Objects/Stage0/Stage 1/Walls/block-441-wall33"]
transform = Transform( 1, -1.48943e-09, -1.13133e-08, -1.48943e-09, 0.965926, -0.258819, 1.13133e-08, 0.258819, 0.965926, 0, 0, 0 )
mesh = ExtResource( 4 )
material/0 = null

[node name="CollisionShape" type="CollisionShape" parent="Objects/Stage0/Stage 1/Walls/block-441-wall33"]
transform = Transform( 1, -1.48943e-09, -1.13133e-08, -1.48943e-09, 0.965926, -0.258819, 1.13133e-08, 0.258819, 0.965926, 0, 0, 0 )
shape = SubResource( 9 )

[node name="block-441-wall61" type="RigidBody" parent="Objects/Stage0/Stage 1/Walls"]
transform = Transform( 1.66282e-08, 4.02418e-08, -0.380408, 1.75903e-15, -0.540217, -4.02419e-08, -0.423749, 0, -1.85226e-08, 47.3323, -9.23198, -16.403 )
mode = 1
__meta__ = {
"_edit_group_": true
}

[node name="block-441" type="MeshInstance" parent="Objects/Stage0/Stage 1/Walls/block-441-wall61"]
transform = Transform( 3, -3.08308e-15, 0, -9.24925e-15, 2.6136, 7.05327e-08, 0, 7.05327e-08, 1, 0, 0, 0 )
mesh = ExtResource( 4 )
material/0 = null

[node name="CollisionShape" type="CollisionShape" parent="Objects/Stage0/Stage 1/Walls/block-441-wall61"]
transform = Transform( 3, -3.08308e-15, 0, -9.24925e-15, 2.6136, 7.05327e-08, 0, 7.05327e-08, 1, 0, 0, 0 )
shape = SubResource( 9 )

[node name="block-441-wall62" type="RigidBody" parent="Objects/Stage0/Stage 1/Walls"]
transform = Transform( 1.66282e-08, 4.02418e-08, -0.380408, 1.75903e-15, -0.540217, -4.02419e-08, -0.423749, 0, -1.85226e-08, 47.3323, -9.23198, -1.90812 )
mode = 1
__meta__ = {
"_edit_group_": true
}

[node name="block-441" type="MeshInstance" parent="Objects/Stage0/Stage 1/Walls/block-441-wall62"]
transform = Transform( 3, -3.08308e-15, 0, -9.24925e-15, 2.6136, 7.05327e-08, 0, 7.05327e-08, 1, 0, 0, 0 )
mesh = ExtResource( 4 )
material/0 = null

[node name="CollisionShape" type="CollisionShape" parent="Objects/Stage0/Stage 1/Walls/block-441-wall62"]
transform = Transform( 3, -3.08308e-15, 0, -9.24925e-15, 2.6136, 7.05327e-08, 0, 7.05327e-08, 1, 0, 0, 0 )
shape = SubResource( 9 )

