[gd_scene load_steps=7 format=2]

[ext_resource path="res://scripts/workshop_camera/InputListener.gd" type="Script" id=1]
[ext_resource path="res://Assets/textures/painted-metal-shed.tres" type="Material" id=2]
[ext_resource path="res://Assets/textures/old-plank-flooring2.tres" type="Material" id=3]
[ext_resource path="res://Assets/models/wall/wall.obj" type="ArrayMesh" id=4]
[ext_resource path="res://scripts/workshop_camera/CameraTween.gd" type="Script" id=5]
[ext_resource path="res://levels/PylonManager.gd" type="Script" id=11]

[node name="WorkshopScene" type="Spatial"]

[node name="Walls" type="Spatial" parent="."]

[node name="wall1" type="MeshInstance" parent="Walls"]
transform = Transform( 0.707107, -0.00082687, -0.707106, -0.000122173, 0.999999, -0.00129154, 0.707107, 0.000999648, 0.707106, -20.8168, 5.9, -25.6819 )
mesh = ExtResource( 4 )
skeleton = NodePath("")
material/0 = ExtResource( 2 )

[node name="wall3" type="MeshInstance" parent="Walls"]
transform = Transform( 1.19249e-08, 0, -1, 0, 1, 0, 1, 0, 1.19249e-08, -0.835739, 5.9, -34.009 )
mesh = ExtResource( 4 )
skeleton = NodePath("")
material/0 = ExtResource( 2 )

[node name="wall2" type="MeshInstance" parent="Walls"]
transform = Transform( 1, 0, 0, 0, 1, 0, 0, 0, 1, -29.103, 5.9, -5.741 )
mesh = ExtResource( 4 )
skeleton = NodePath("")
material/0 = ExtResource( 2 )

[node name="wall4" type="MeshInstance" parent="Walls"]
transform = Transform( 1, 0, 0, 0, 1, 0, 0, 0, 1, -29.103, 5.9, 17.6939 )
mesh = ExtResource( 4 )
skeleton = NodePath("")
material/0 = ExtResource( 2 )

[node name="Floor" type="CSGBox" parent="Walls"]
transform = Transform( 35, 0, 0, 0, 0.1, 0, 0, 0, 35, -2.41273, 0.0276299, 0.205824 )
use_collision = true
material = ExtResource( 3 )

[node name="Pylons" type="Spatial" parent="."]
visible = false
script = ExtResource( 11 )

[node name="Objects" type="Spatial" parent="."]
visible = false

[node name="Environment" type="Spatial" parent="."]

[node name="OmniLight2" type="OmniLight" parent="Environment"]
transform = Transform( -0.122589, -0.771487, 0.624323, 0.963989, -0.24215, -0.109945, 0.236001, 0.588363, 0.77339, -0.677107, 11.0537, -33.2245 )
light_color = Color( 0.894118, 0.647059, 0.403922, 1 )
light_energy = 9.954
light_indirect_energy = 9.514
light_bake_mode = 0
shadow_enabled = true
shadow_bias = 0.578
shadow_reverse_cull_face = true
omni_range = 26.8498

[node name="OmniLight" type="OmniLight" parent="Environment"]
transform = Transform( -0.380571, 0.849488, 0.365426, -0.612747, -0.527608, 0.588363, 0.692609, 3.62112e-07, 0.721313, -28.2918, 11.119, -5.29023 )
light_color = Color( 0.894118, 0.647059, 0.403922, 1 )
light_energy = 9.954
light_indirect_energy = 9.514
light_bake_mode = 0
shadow_enabled = true
shadow_bias = 0.578
shadow_reverse_cull_face = true
omni_range = 26.8498

[node name="OmniLight3" type="OmniLight" parent="Environment"]
transform = Transform( -0.380571, 0.849488, 0.365426, -0.612747, -0.527608, 0.588363, 0.692609, 4.11834e-07, 0.721313, -28.2918, 11.119, 24.269 )
light_color = Color( 0.894118, 0.647059, 0.403922, 1 )
light_energy = 9.954
light_indirect_energy = 9.514
light_bake_mode = 0
shadow_enabled = true
shadow_bias = 0.578
shadow_reverse_cull_face = true
omni_range = 26.8498

[node name="WorkshopCamera" type="Spatial" parent="."]
script = ExtResource( 1 )

[node name="Camera" type="Camera" parent="WorkshopCamera"]
transform = Transform( -4.37114e-08, 0, 1, 0, 1, 0, -1, 0, -4.37114e-08, -20.714, 6.184, 16.75 )
current = true
script = ExtResource( 5 )

[node name="Positions" type="Spatial" parent="WorkshopCamera"]

[node name="Position1" type="Spatial" parent="WorkshopCamera/Positions"]
transform = Transform( -4.37114e-08, 0, 1, 0, 1, 0, -1, 0, -4.37114e-08, -20.7136, 6.18424, 16.7504 )

[node name="Position2" type="Spatial" parent="WorkshopCamera/Positions"]
transform = Transform( -4.37114e-08, 0, 1, 0, 1, 0, -1, 0, -4.37114e-08, -20.7136, 6.18424, -6.96946 )

[node name="Position3" type="Spatial" parent="WorkshopCamera/Positions"]
transform = Transform( 0.707107, 0, 0.707107, 0, 1, 0, -0.707107, 0, 0.707107, -14.7249, 6.18424, -19.8256 )

[node name="Position4" type="Spatial" parent="WorkshopCamera/Positions"]
transform = Transform( 1, 0, 0, 0, 1, 0, 0, 0, 1, -0.618335, 6.18424, -25.4669 )

[node name="Interfaces" type="Control" parent="WorkshopCamera"]
margin_right = 40.0
margin_bottom = 40.0

[node name="View1" type="Control" parent="WorkshopCamera/Interfaces"]
margin_right = 40.0
margin_bottom = 40.0
__meta__ = {
"_edit_use_anchors_": true
}

[node name="View2" type="Control" parent="WorkshopCamera/Interfaces"]
margin_right = 40.0
margin_bottom = 40.0

[node name="View3" type="Control" parent="WorkshopCamera/Interfaces"]
margin_right = 40.0
margin_bottom = 40.0

[node name="View4" type="Control" parent="WorkshopCamera/Interfaces"]
margin_right = 40.0
margin_bottom = 40.0
